==== This output can be found in Systems/dx989/perf/mpstat-a.txt ====
==== START mpstat -a Thu Aug  6 11:24:59 GST 2015 ====

System configuration: lcpu=24 ent=4.0 mode=Uncapped 

cpu    min    maj   mpcs   mpcr    dev   soft    dec     ph     cs    ics  bound     rq   push S3pull  S3grd  S0rd  S1rd  S2rd  S3rd  S4rd  S5rd   sysc    us    sy    wa    id    pc   %ec   ilcs   vlcs S3hrd S4hrd S5hrd
cpu    min    maj   mpcs   mpcr    dev   soft    dec     ph     cs    ics  bound     rq   push S3pull  S3grd  S0rd  S1rd  S2rd  S3rd  S4rd  S5rd   sysc    us    sy    wa    id    pc   %ec   ilcs   vlcs S3hrd S4hrd S5hrd  %nsp
  0 6139387  65157   3933      3  25547 109116 333366  22771 391206  76362      1      5      0      0      0  96.5   0.1   0.0   3.4   0.0   0.0 74187303  52.4  45.9   0.3   1.3  0.00   0.0  17607 478818 100.0   0.0   0.0     0
  1  34163    514      2    172  25453    105  21823    280   7530   5608      0      0      0      0      0  89.4  10.6   0.0   0.0   0.0   0.0 248383   1.8   4.3   0.1  93.8  0.00   0.0   3773  47970 100.0   0.0   0.0     0
  2    339      0      0    172  25323    110  18824    133    201    173      0      0      0      0      0  11.4  88.6   0.0   0.0   0.0   0.0    569   0.0   1.5   0.0  98.5  0.00   0.0   3769  44467 100.0   0.0   0.0     0
  3   1201      1      0    172  25189    117  19266    113    262    172      0      0      0      0      0  19.2  80.8   0.0   0.0   0.0   0.0    540   0.0   1.6   0.0  98.3  0.00   0.0   3770  44775 100.0   0.0   0.0     0
  4 4067193  46567     23    171  24460    528  78747  19504 121104  28570      1      1      0      0      0  91.2   0.1   0.0   8.8   0.0   0.0 63921798  54.9  44.4   0.2   0.5  0.00   0.0   3514 165289 100.0   0.0   0.0     0
  5   7516    202      0    172  15585     23   4531    131   3300   2315      0      0      0      0      0  89.2  10.8   0.0   0.0   0.0   0.0 262090   0.9   2.0   0.1  97.0  0.00   0.0   3484  19655 100.0   0.0   0.0     0
  6      3      0      0    172  15545     16   3422     83    160    160      0      0      0      0      0   0.0  99.4   0.0   0.6   0.0   0.0      0   0.0   1.1   0.0  98.9  0.00   0.0   3481  18160 100.0   0.0   0.0     0
  7      5      0      0    172  15512     17   3422     76    158    158      0      0      0      0      0   0.0  99.4   0.0   0.6   0.0   0.0      0   0.0   1.1   0.0  98.9  0.00   0.0   3480  18123 100.0   0.0   0.0     0
  8 1089042  14094      0    172   4938    141  10046   4792  54303  10555      0      0      0      0      0  90.4   0.2   0.0   9.4   0.0   0.0 14222300  59.8  39.2   0.2   0.7  0.00   0.0   3057  45040 100.0   0.0   0.0     0
  9   6032    132      0    172   4447      4   2511     65   2186   1278      0      0      0      0      0  83.7  16.3   0.0   0.0   0.0   0.0 172596   4.1   3.0   0.0  92.8  0.00   0.0   2999   6248 100.0   0.0   0.0     0
 10      0      0      0    172   4429     10   1917     27    158    158      0      0      0      0      0   0.0 100.0   0.0   0.0   0.0   0.0      0   0.0   1.3   0.0  98.7  0.00   0.0   2995   5399 100.0   0.0   0.0     0
 11      0      0      0    172   4425     13   1922     18    158    158      0      0      0      0      0   0.0 100.0   0.0   0.0   0.0   0.0      0   0.0   1.3   0.0  98.7  0.00   0.0   2995   5397 100.0   0.0   0.0     0
 12 306747   4750      0    172   1405     27   4513   1578  25786   2423      0      0      0      0      0  86.4   0.1   0.0  13.5   0.0   0.0 2936188  64.7  34.3   0.2   0.8  0.00   0.0   3490  14757 100.0   0.0   0.0     0
 13     69     10      0    172   1320      5   1478     14    398    176      0      0      0      0      0  47.4  52.6   0.0   0.0   0.0   0.0   1804   1.0   1.5   0.1  97.4  0.00   0.0   3459   1887 100.0   0.0   0.0     0
 14      0      0      0    172   1319      1   1468      6    158    158      0      0      0      0      0   0.0 100.0   0.0   0.0   0.0   0.0      0   0.0   1.3   0.0  98.7  0.00   0.0   3459   1814 100.0   0.0   0.0     0
 15      0      0      0    172   1318      2   1467      9    158    158      0      0      0      0      0   0.0 100.0   0.0   0.0   0.0   0.0      0   0.0   1.3   0.0  98.7  0.00   0.0   3459   1812 100.0   0.0   0.0     0
 16  62637    132      0    172     81      3   1912    175    845    315      0      0      0      0      0  76.4   0.3   0.0  23.3   0.0   0.0 211535  51.5  46.1   0.0   2.3  0.00   0.0   3466   1393 100.0   0.0   0.0     0
 17      0      0      0    172     74      1   1343      3    158    158      0      0      0      0      0   0.0 100.0   0.0   0.0   0.0   0.0      0   0.0   4.5   0.0  95.5  0.00   0.0   3454    139 100.0   0.0   0.0     0
 18      0      0      0    172     74      1   1343      6    158    158      0      0      0      0      0   0.0 100.0   0.0   0.0   0.0   0.0      0   0.0   4.3   0.0  95.7  0.00   0.0   3452    138 100.0   0.0   0.0     0
 19      0      0      0    172     74      1   1344      3    158    158      0      0      0      0      0   0.0 100.0   0.0   0.0   0.0   0.0      0   0.0   4.3   0.0  95.7  0.00   0.0   3454    139 100.0   0.0   0.0     0
 20   2403     31      0    172  25639    120  33276    325    199    198      0      0      0      0      0  24.8   1.4   0.0  73.9   0.0   0.0 823710   5.2  76.0   0.0  18.7  0.00   0.0   2601  59066 100.0   0.0   0.0     0
 21      0      0      0    172      4      1   1304      3    158    158      0      0      0      0      0   0.0 100.0   0.0   0.0   0.0   0.0      0   0.0   0.7   0.0  99.3  0.00   0.0   3329     35 100.0   0.0   0.0     0
 22      0      0      0    172      1      1   1306      3    158    158      0      0      0      0      0   0.0 100.0   0.0   0.0   0.0   0.0      0   0.0   0.7   0.0  99.3  0.00   0.0   3327     36 100.0   0.0   0.0     0
 23      0      0      0    172      2      1   1309      2    157    157      0      0      0      0      0   0.0 100.0   0.0   0.0   0.0   0.0      0   0.0  33.1   0.0  66.9  0.00   0.0   3332     34 100.0   0.0   0.0     0
ALL 11716737 131590   3958   3958 222164 110364 551860  50120 609217 130042      2      6      0      0      0  93.8   0.6   0.0   5.5   0.0   0.0 156988816  34.2  28.8   0.2  36.8  0.00   0.0  95206 980591 100.0   0.0   0.0     0
==== EXITED with rc 0 ====
==== END mpstat -a Thu Aug  6 11:24:59 GST 2015 ====
