==== This output can be found in Systems/dx989/perf/mpstat-d.txt ====
==== START mpstat -d Thu Aug  6 11:24:59 GST 2015 ====

System configuration: lcpu=24 ent=4.0 mode=Uncapped 

cpu     cs    ics  bound     rq   push S3pull  S3grd  S0rd  S1rd  S2rd  S3rd  S4rd  S5rd   ilcs   vlcs S3hrd S4hrd S5hrd
cpu     cs    ics  bound     rq   push S3pull  S3grd  S0rd  S1rd  S2rd  S3rd  S4rd  S5rd   ilcs   vlcs S3hrd S4hrd S5hrd  %nsp
  0 391290  76431      1      3      0      0      0  96.5   0.1   0.0   3.4   0.0   0.0  17607 478823 100.0   0.0   0.0     0
  1   7530   5608      0      0      0      0      0  89.4  10.6   0.0   0.0   0.0   0.0   3773  47971 100.0   0.0   0.0     0
  2    201    173      0      0      0      0      0  11.4  88.6   0.0   0.0   0.0   0.0   3769  44467 100.0   0.0   0.0     0
  3    262    172      0      0      0      0      0  19.2  80.8   0.0   0.0   0.0   0.0   3770  44775 100.0   0.0   0.0     0
  4 121114  28578      1      1      0      0      0  91.2   0.1   0.0   8.8   0.0   0.0   3514 165289 100.0   0.0   0.0     0
  5   3300   2315      0      0      0      0      0  89.2  10.8   0.0   0.0   0.0   0.0   3484  19656 100.0   0.0   0.0     0
  6    160    160      0      0      0      0      0   0.0  99.4   0.0   0.6   0.0   0.0   3481  18161 100.0   0.0   0.0     0
  7    158    158      0      0      0      0      0   0.0  99.4   0.0   0.6   0.0   0.0   3480  18124 100.0   0.0   0.0     0
  8  54303  10555      0      0      0      0      0  90.4   0.2   0.0   9.4   0.0   0.0   3057  45040 100.0   0.0   0.0     0
  9   2186   1278      0      0      0      0      0  83.7  16.3   0.0   0.0   0.0   0.0   2999   6248 100.0   0.0   0.0     0
 10    158    158      0      0      0      0      0   0.0 100.0   0.0   0.0   0.0   0.0   2995   5399 100.0   0.0   0.0     0
 11    158    158      0      0      0      0      0   0.0 100.0   0.0   0.0   0.0   0.0   2995   5397 100.0   0.0   0.0     0
 12  25786   2423      0      0      0      0      0  86.4   0.1   0.0  13.5   0.0   0.0   3490  14757 100.0   0.0   0.0     0
 13    398    176      0      0      0      0      0  47.4  52.6   0.0   0.0   0.0   0.0   3459   1887 100.0   0.0   0.0     0
 14    158    158      0      0      0      0      0   0.0 100.0   0.0   0.0   0.0   0.0   3459   1814 100.0   0.0   0.0     0
 15    158    158      0      0      0      0      0   0.0 100.0   0.0   0.0   0.0   0.0   3459   1812 100.0   0.0   0.0     0
 16    845    315      0      0      0      0      0  76.4   0.3   0.0  23.3   0.0   0.0   3466   1393 100.0   0.0   0.0     0
 17    158    158      0      0      0      0      0   0.0 100.0   0.0   0.0   0.0   0.0   3454    139 100.0   0.0   0.0     0
 18    158    158      0      0      0      0      0   0.0 100.0   0.0   0.0   0.0   0.0   3452    138 100.0   0.0   0.0     0
 19    158    158      0      0      0      0      0   0.0 100.0   0.0   0.0   0.0   0.0   3454    139 100.0   0.0   0.0     0
 20    199    198      0      0      0      0      0  24.8   1.4   0.0  73.9   0.0   0.0   2601  59067 100.0   0.0   0.0     0
 21    158    158      0      0      0      0      0   0.0 100.0   0.0   0.0   0.0   0.0   3329     35 100.0   0.0   0.0     0
 22    158    158      0      0      0      0      0   0.0 100.0   0.0   0.0   0.0   0.0   3327     36 100.0   0.0   0.0     0
 23    157    157      0      0      0      0      0   0.0 100.0   0.0   0.0   0.0   0.0   3332     34 100.0   0.0   0.0     0
ALL 609311 130119      2      4      0      0      0  93.8   0.6   0.0   5.5   0.0   0.0  95206 980601 100.0   0.0   0.0     0
==== EXITED with rc 0 ====
==== END mpstat -d Thu Aug  6 11:24:59 GST 2015 ====
