==== This output can be found in Systems/dx987/network/netstat-m.txt ====
==== START netstat -m Tue Jul  7 00:01:08 GST 2015 ====

Kernel malloc statistics:

******* CPU 0 *******
By size           inuse     calls failed   delayed    free   hiwat   freed
64                  392  13143380      0        11     376   63568       0
128                 210   2838866      0        97    2926   47676       0
256                 141   6091386      0       662   10451   95352       0
512                 437 112886405      0      1776   13779  198650       0
1024                378   6590611      0       176     330   47676       0
2048                 44   4143366      0      2071    4098  119190       0
4096                 10    330210      0        24       9    7946       0
8192                 14     75688      0        24       2    1986       0
16384                 3     10900      0       189     989     993     128
32768                 3      1853      0        35     145     496       0
65536                 0       578      0        71     129     496       0
131072                0        32      0         0      18      32       0


******* CPU 1 *******
By size           inuse     calls failed   delayed    free   hiwat   freed
64                    1      3464      0         2     127   63568       0
128                   0      1553      0         0      64   47676       0
256                   0       329      0         1      16   95352       0
512                  34  13572088      0         4      46  198650       0
1024                  0       918      0        13      52   47676       0
2048                  1      2635      0        14      43  119190       0
4096                  0        71      0         1       2    7946       0
8192                  0        85      0         1       6    1986       0
16384                 0         1      0         1       8     993       0
32768                 0         1      0         1       4     496       0
131072                0         0      0         0      16      32       0


******* CPU 2 *******
By size           inuse     calls failed   delayed    free   hiwat   freed
64                    0      1983      0         0      64   63568       0
128                   1      1358      0         0      31   47676       0
256                   0        63      0         0      16   95352       0
512                  52  13310164      0         0      60  198650       0
1024                  0        16      0         3      12   47676       0
2048                  0      1969      0         0       6  119190       0
4096                  0         1      0         0       9    7946       0
131072                0         0      0         0      16      32       0


******* CPU 3 *******
By size           inuse     calls failed   delayed    free   hiwat   freed
64                    1      1943      0         0      63   63568       0
128                   0      1300      0         0      32   47676       0
256                   0        51      0         0      16   95352       0
512                  48  13071733      0         0      64  198650       0
1024                  0        17      0         3      12   47676       0
2048                  1      1937      0         0       7  119190       0
4096                  0         3      0         0       8    7946       0
131072                0         0      0         0      16      32       0


******* CPU 4 *******
By size           inuse     calls failed   delayed    free   hiwat   freed
64                   90    779403      0         6     358   63568       0
128                  58    485889      0        83    2630   47676       0
256                  47    199964      0       658   10481   95352       0
512                  90   4149248      0      1721   13806  198650       0
1024                 73    567909      0        90     331   47676       0
2048                 29    150671      0      2063    4097  119190       0
4096                  5     24054      0        10       5    7946       0
8192                  9      2164      0        15       1    1986       0
16384                10      3455      0       172     994     993      96
32768                 3       525      0        36     142     496       0
65536                 0       422      0        70     130     496       0
131072                0        26      0         0      18      32       0


******* CPU 5 *******
By size           inuse     calls failed   delayed    free   hiwat   freed
64                    0       384      0         1      64   63568       0
128                   0       107      0         0      32   47676       0
256                   0        35      0         0      16   95352       0
512                   0    313695      0         2      32  198650       0
1024                  0       176      0         8      32   47676       0
2048                  0       213      0        12      30  119190       0
4096                  0         5      0         0       2    7946       0
8192                  0         1      0         1       2    1986       0
16384                 0         1      0         1       1     993       0
32768                 0         1      0         1       3     496       0
65536                 0         1      0         1       2     496       0
131072                0         0      0         0      16      32       0


******* CPU 6 *******
By size           inuse     calls failed   delayed    free   hiwat   freed
64                    0        48      0         0      64   63568       0
128                   0        27      0         0      32   47676       0
256                   0         5      0         0      16   95352       0
512                   0    292335      0         0      16  198650       0
1024                  0         3      0         0       4   47676       0
2048                  0        49      0         1       4  119190       0
4096                  0         0      0         0      24    7946       0
131072                0         0      0         0      16      32       0


******* CPU 7 *******
By size           inuse     calls failed   delayed    free   hiwat   freed
64                    0        57      0         0      64   63568       0
128                   0        29      0         0      32   47676       0
512                   2    276036      0         0      14  198650       0
1024                  0         4      0         1       4   47676       0
2048                  0        53      0         1       4  119190       0
4096                  0         0      0         0      25    7946       0
131072                0         0      0         0      16      32       0


******* CPU 8 *******
By size           inuse     calls failed   delayed    free   hiwat   freed
64                  508    324055      0        11     324   63568       0
128                8383    273438      0       333    2625   47676       0
256               31529     87604      0      2620   10487   95352       0
512               41642  16042254      0      6918   13806  198650       0
1024                114    275960      0       105     314   47676       0
2048              12329     65986      0      8186    4097  119190       0
4096                 86      8132      0        23      30    7946       0
8192                  8       545      0        20       1    1986       0
16384              3084      5328      0       555     992     993      64
32768               387       795      0       137     145     496       0
65536               385       658      0       261     128     496       0
131072                8        22      0         0      18      32       0


******* CPU 9 *******
By size           inuse     calls failed   delayed    free   hiwat   freed
64                    1      1308      0         2     127   63568       0
128                   0       533      0         0      64   47676       0
256                   0       162      0         2      32   95352       0
512                   0     67076      0         3      64  198650       0
1024                  0       856      0        14      56   47676       0
2048                  1       470      0        18      43  119190       0
4096                  0        39      0         0       2    7946       0
8192                  0        13      0         2      22    1986       0
16384                 0        10      0         1       8     993       0
32768                 0         2      0         1       4     496       0
65536                 0         2      0         1       2     496       0
131072                0         2      0         0      17      32       0


******* CPU 10 *******
By size           inuse     calls failed   delayed    free   hiwat   freed
64                    0        61      0         0      64   63568       0
128                   0         1      0         0      32   47676       0
256                   0         1      0         0      16   95352       0
512                   0     54830      0         0      16  198650       0
1024                  0        15      0         2       8   47676       0
2048                  0        43      0         4      10  119190       0
4096                  0         0      0         0      20    7946       0
131072                0         0      0         0      16      32       0


******* CPU 11 *******
By size           inuse     calls failed   delayed    free   hiwat   freed
64                    0        57      0         0      64   63568       0
128                   0         4      0         0      32   47676       0
512                   0     53953      0         0      24  198650       0
1024                  0        35      0         6      24   47676       0
2048                  0        17      0         3       8  119190       0
4096                  0         2      0         0      17    7946       0
131072                0         0      0         0      16      32       0


******* CPU 12 *******
By size           inuse     calls failed   delayed    free   hiwat   freed
64                    6     16716      0         2     186   63568       0
128                   9     14642      0         1     183   47676       0
256                  10      1118      0         1      38   95352       0
512                  15     70691      0         2      41  198650       0
1024                  5     15560      0        38     155   47676       0
2048                  4      1114      0         6      18  119190       0
4096                  5       313      0        12      13    7946       0
8192                  2        64      0         6       6    1986       0
16384                 0        97      0        10      18     993       0
32768                 0        23      0         4       4     496       0
65536                 0        15      0         4       3     496       0
131072                0        14      0         0      19      32       0


******* CPU 13 *******
By size           inuse     calls failed   delayed    free   hiwat   freed
512                   0      5863      0         0       8  198650       0
4096                  0         0      0         0      31    7946       0
131072                0         0      0         0      16      32       0


******* CPU 14 *******
By size           inuse     calls failed   delayed    free   hiwat   freed
64                    0         2      0         0      64   63568       0
512                   0      5637      0         0       8  198650       0
2048                  0         2      0         0       2  119190       0
4096                  0         0      0         0      29    7946       0
131072                0         0      0         0      16      32       0


******* CPU 15 *******
By size           inuse     calls failed   delayed    free   hiwat   freed
64                    0         8      0         0      64   63568       0
128                   0         3      0         0      32   47676       0
512                   0      5835      0         0       8  198650       0
2048                  0         8      0         0       4  119190       0
4096                  0         0      0         0      27    7946       0
131072                0         0      0         0      16      32       0


******* CPU 16 *******
By size           inuse     calls failed   delayed    free   hiwat   freed
64                   12     14192      0         3     180   63568       0
128                  11     12193      0         0     181   47676       0
256                  10      1705      0         0      70   95352       0
512                  22     56541      0        14     146  198650       0
1024                 12     12556      0        44     164   47676       0
2048                  5      1720      0        12      29  119190       0
4096                  4       415      0         4       4    7946       0
8192                  2        38      0         3       0    1986       0
16384                 0        80      0         6      21     993       0
32768                 0        21      0         2       4     496       0
65536                 0        14      0         2       4     496       0
131072                0        10      0         0      18      32       0


******* CPU 17 *******
By size           inuse     calls failed   delayed    free   hiwat   freed
64                    0         3      0         1      64   63568       0
128                   0         3      0         0      32   47676       0
256                   0         2      0         1      16   95352       0
512                   0      6102      0         0      16  198650       0
1024                  0         2      0         1       4   47676       0
2048                  0         3      0         1       2  119190       0
4096                  0         0      0         0      25    7946       0
131072                0         0      0         0      16      32       0


******* CPU 18 *******
By size           inuse     calls failed   delayed    free   hiwat   freed
512                   0      5930      0         0       8  198650       0
4096                  0         0      0         0      31    7946       0
131072                0         0      0         0      16      32       0


******* CPU 19 *******
By size           inuse     calls failed   delayed    free   hiwat   freed
64                    0         1      0         0      64   63568       0
512                   0      6046      0         0       8  198650       0
2048                  0         1      0         0       2  119190       0
4096                  0         0      0         0      29    7946       0
131072                0         0      0         0      16      32       0


******* CPU 20 *******
By size           inuse     calls failed   delayed    free   hiwat   freed
64                    6     12139      0         3     186   63568       0
128                   4     11543      0         0     156   47676       0
256                   5       855      0         1      43   95352       0
512                   9     32241      0         3      39  198650       0
1024                  4     11738      0        40     156   47676       0
2048                  6       726      0        10      16  119190       0
4096                  0       110      0         4       2    7946       0
8192                  0        20      0         2       5    1986       0
16384                 0        44      0         7      18     993       0
32768                 2        29      0         7      15     496       0
65536                 0         8      0         3       4     496       0
131072                0         7      0         0      18      32       0


******* CPU 21 *******
By size           inuse     calls failed   delayed    free   hiwat   freed
256                   0         3      0         1      16   95352       0
512                   0      4688      0         0       8  198650       0
2048                  0         1      0         1       2  119190       0
4096                  0         1      0         0      29    7946       0
131072                0         0      0         0      16      32       0


******* CPU 22 *******
By size           inuse     calls failed   delayed    free   hiwat   freed
64                    0         2      0         0      64   63568       0
128                   0         2      0         0      32   47676       0
512                   0      4555      0         0      16  198650       0
2048                  0         2      0         0       2  119190       0
4096                  0         0      0         0      27    7946       0
131072                0         0      0         0      16      32       0


******* CPU 23 *******
By size           inuse     calls failed   delayed    free   hiwat   freed
64                    0         1      0         0      64   63568       0
512                   0      4569      0         0      16  198650       0
2048                  0         1      0         0       2  119190       0
4096                  0         0      0         0      28    7946       0
131072                0         0      0         0      16      32       0


******* CPU 24 *******
By size           inuse     calls failed   delayed    free   hiwat   freed
64                   27     15005      0         4     229   63568       0
128                  15  10406089      0         1     209   47676       0
256                4105      4826      0       258      39   95352       0
512                4182  14837992      0       515      50  198650       0
1024                 16     12320      0        50     192   47676       0
2048               4106      6862      0      2061      24  119190       0
4096                  1       222      0         7       3    7946       0
8192                  0        38      0         3       4    1986       0
16384                 0        29      0         6      18     993       0
32768                 0        12      0         3       5     496       0
65536                 0        14      0         4       4     496       0
131072                0         5      0         0     626    1241       0


******* CPU 25 *******
By size           inuse     calls failed   delayed    free   hiwat   freed
64                    0        15      0         1      64   63568       0
512                   0      4159      0         0      16  198650       0
1024                  0        11      0         3      12   47676       0
2048                  0         4      0         2       4  119190       0
4096                  0         0      0         0      24    7946       0
131072                0         0      0         0      16      32       0


******* CPU 26 *******
By size           inuse     calls failed   delayed    free   hiwat   freed
512                   0      3919      0         0       8  198650       0
4096                  0         0      0         0      31    7946       0
131072                0         0      0         0      16      32       0


******* CPU 27 *******
By size           inuse     calls failed   delayed    free   hiwat   freed
512                   0      3804      0         0       8  198650       0
4096                  0         0      0         0      31    7946       0
131072                0         0      0         0      16      32       0


******* CPU 28 *******
By size           inuse     calls failed   delayed    free   hiwat   freed
64                    5      6237      0         2     123   63568       0
128                   5      5559      0         0     123   47676       0
256                   0       700      0         1      32   95352       0
512                   3     16917      0         3      37  198650       0
1024                  5      5633      0        31     119   47676       0
2048                  1       640      0         5      27  119190       0
4096                  0       226      0         3       4    7946       0
8192                  0        10      0         1       1    1986       0
16384                 0        18      0         5      18     993       0
32768                 0         3      0         1       1     496       0
65536                 0         3      0         2       3     496       0
131072                0         3      0         0      19      32       0


******* CPU 29 *******
By size           inuse     calls failed   delayed    free   hiwat   freed
512                   0      3588      0         0       8  198650       0
4096                  0         0      0         0      31    7946       0
131072                0         0      0         0      16      32       0


******* CPU 30 *******
By size           inuse     calls failed   delayed    free   hiwat   freed
64                    0         1      0         0      64   63568       0
512                   0      3278      0         0       8  198650       0
2048                  0         1      0         0       2  119190       0
4096                  0         0      0         0      29    7946       0
131072                0         0      0         0      16      32       0


******* CPU 31 *******
By size           inuse     calls failed   delayed    free   hiwat   freed
64                    0         4      0         0      64   63568       0
128                   0         2      0         0      32   47676       0
512                   0      3511      0         0      16  198650       0
2048                  0         4      0         0       2  119190       0
4096                  0         0      0         0      27    7946       0
131072                0         0      0         0      16      32       0

Streams mblk statistic failures:
0 high priority mblk failures
0 medium priority mblk failures
0 low priority mblk failures
==== EXITED with rc 0 ====
==== END netstat -m Tue Jul  7 00:01:08 GST 2015 ====
