==== This output can be found in Systems/dx977/network/netstat-m.txt ====
==== START netstat -m Tue Jul  7 00:28:28 GST 2015 ====

Kernel malloc statistics:

******* CPU 0 *******
By size           inuse     calls failed   delayed    free   hiwat   freed
64                 1647   7917853      0        36     913  167768       0
128                1297   5146936      0        50    2447  125826       0
256                3046  14555857      0       639    7258  251652       0
512                5141 13404189887      0      1396    7267  524275       0
1024               1116   3418642      0       388     484  125826       0
2048                919  10614009      0      4044    7233  314565       0
4096                117    925115      0       128      15   20971       0
8192                 13   1509842      0       271      99    5242       0
16384               243    300145      0       184     129    2621       0
32768               709   1466940      0       466     377    1310       0
65536               167 384707788      0       224      86    1310       0
131072                8     13148      0         0      26      32       0


******* CPU 1 *******
By size           inuse     calls failed   delayed    free   hiwat   freed
64                   98    266547      0         4     286  167768       0
128                  39    809897      0         7     377  125826       0
256                  83   3601038      0        73    1373  251652       0
512                  84 1867553361      0       164    1852  524275       0
1024                 13    171289      0        35     147  125826       0
2048                149   2800841      0       656    1259  314565       0
4096                  0     83922      0        25     198   20971       0
8192                  2    303041      0       165      87    5242       0
16384                 3    228593      0        11     125    2621       0
32768               103    114345      0       131     247    1310       0
65536                 0  34315795      0        84      33    1310       0
131072                0      1677      0         0    1641    3276       0


******* CPU 2 *******
By size           inuse     calls failed   delayed    free   hiwat   freed
64                  105    108712      0         0      87  167768       0
128                  15    733360      0         0     145  125826       0
256                  33   2037337      0        14     511  251652       0
512                  36 1139809817      0         9     548  524275       0
1024                  0     33436      0         7      84  125826       0
2048                124   1637568      0       247     496  314565       0
4096                  0     64435      0         0     168   20971       0
8192                  0     24366      0        67      33    5242       0
16384                 6    223698      0         0      78    2621       0
32768               106     50292      0        20      81    1310       0
65536                 0    369188      0        36      27    1310       0
131072                0       274      0         0      18      32       0


******* CPU 3 *******
By size           inuse     calls failed   delayed    free   hiwat   freed
64                   92    107983      0         1     100  167768       0
128                  18    716761      0         0     174  125826       0
256                  60   1991380      0         9     468  251652       0
512                  63 1108499860      0         6     489  524275       0
1024                  1     34230      0        12     103  125826       0
2048                131   1600867      0       213     465  314565       0
4096                  0     62424      0         0     157   20971       0
8192                  0     22008      0        74      34    5242       0
16384                13    222409      0         0      74    2621       0
32768                91     49117      0        22      85    1310       0
65536                 0    367773      0        28      27    1310       0
131072                0       203      0         0      16      32       0


******* CPU 4 *******
By size           inuse     calls failed   delayed    free   hiwat   freed
64                  474  14699945      0        17     678  167768       0
128                 390   4474328      0         5   34426  125826       0
256                 111  12241644      0       283   34593  251652       0
512                 121 13393914223      0       383    4927  524275       0
1024                375   3935109      0       193     401  125826       0
2048                196  13874344      0      2473    4842  314565       0
4096                  4   2087389      0       145      21   20971       0
8192                  7   1319661      0       359     117    5242       0
16384                 4    124582      0       109     129    2621       0
32768               447   1071210      0       509     371    1310       0
65536                 0 579870738      0       202      77    1310       0
131072                0      7133      0         0    1371    2722       0


******* CPU 5 *******
By size           inuse     calls failed   delayed    free   hiwat   freed
64                   59    276284      0         4     261  167768       0
128                  36    604382      0         0     252  125826       0
256                  56   2729544      0        83    1448  251652       0
512                  60 1491572888      0        92    1468  524275       0
1024                  6    120115      0        21     110  125826       0
2048                105   2396719      0       725    1423  314565       0
4096                  0     81620      0        24      18   20971       0
8192                  2    202439      0       154      63    5242       0
16384                 0     78805      0         8       8    2621       0
32768                58     86328      0       115     195    1310       0
65536                 0  23490399      0        80      32    1310       0
131072                0       791      0         0      16      32       0


******* CPU 6 *******
By size           inuse     calls failed   delayed    free   hiwat   freed
64                   59     91077      0         2     133  167768       0
128                  12    543740      0         0     148  125826       0
256                  36   1342169      0        12     412  251652       0
512                  45 950596022      0        18     427  524275       0
1024                  0     25429      0         2      88  125826       0
2048                 90   1231070      0       183     440  314565       0
4096                  0     46247      0        12      12   20971       0
8192                  0     14590      0        65      33    5242       0
16384                 2     74314      0         0      21    2621       0
32768                59     39235      0         6      74    1310       0
65536                 0    197287      0        37      31    1310       0
131072                0        38      0         0      16      32       0


******* CPU 7 *******
By size           inuse     calls failed   delayed    free   hiwat   freed
64                   41     90864      0         1     151  167768       0
128                  25    529818      0         0     103  125826       0
256                  41   1311831      0        17     423  251652       0
512                  50 924786972      0        34     438  524275       0
1024                  0     25534      0         4      84  125826       0
2048                 78   1205483      0       190     392  314565       0
4096                  0     45149      0         0     169   20971       0
8192                  0     13392      0        71      33    5242       0
16384                 1     73309      0         0      32    2621       0
32768                41     38222      0         4      87    1310       0
65536                 0    203555      0        35      31    1310       0
131072                0        36      0         0      16      32       0


******* CPU 8 *******
By size           inuse     calls failed   delayed    free   hiwat   freed
64                  724   7910484      0        21     748  167768       0
128                 566   2476993      0        12     362  125826       0
256                 150   9639464      0       312    5018  251652       0
512                 151 13056159267      0       380    5057  524275       0
1024                561   1933818      0       228     367  125826       0
2048                280  10971208      0      2587    4918  314565       0
4096                  3    937468      0       105      20   20971       0
8192                 18   1298975      0       228     102    5242       0
16384                 2     62838      0       107     140    2621       0
32768               700   2874044      0       585     694    1310       0
65536                 0 565943876      0       213      58    1310       0
131072                0      5420      0         0    1367    2722       0


******* CPU 9 *******
By size           inuse     calls failed   delayed    free   hiwat   freed
64                  113    181899      0         4     207  167768       0
128                  38    579692      0         0     186  125826       0
256                  51   2509695      0        71    1341  251652       0
512                  54 1428359652      0       101    1370  524275       0
1024                 14     87022      0        21     106  125826       0
2048                148   2275027      0       694    1292  314565       0
4096                  0     46300      0        23      43   20971       0
8192                  2    184357      0       117      59    5242       0
16384                 0     38595      0        16      16    2621       0
32768               113     90912      0       112     160    1310       0
65536                 0  22425857      0        81      31    1310       0
131072                0       811      0         0      18      32       0


******* CPU 10 *******
By size           inuse     calls failed   delayed    free   hiwat   freed
64                   99     90350      0         2      93  167768       0
128                  30    536297      0         1     162  125826       0
256                  60   1250968      0        32     516  251652       0
512                  59 918994583      0        31     533  524275       0
1024                  0     25943      0         2     100  125826       0
2048                155   1213969      0       266     427  314565       0
4096                  0     33497      0         0      87   20971       0
8192                  0     14607      0        55      35    5242       0
16384                 2     36627      0         0      40    2621       0
32768                98     38442      0        14      69    1310       0
65536                 0    223189      0        47      23    1310       0
131072                0        24      0         0      16      32       0


******* CPU 11 *******
By size           inuse     calls failed   delayed    free   hiwat   freed
64                  119     89766      0         2      73  167768       0
128                  26    521940      0         0     134  125826       0
256                  48   1217332      0        18     368  251652       0
512                  54 892100213      0        24     402  524275       0
1024                  0     26093      0         5      84  125826       0
2048                167   1183387      0       219     367  314565       0
4096                  0     32811      0         2      19   20971       0
8192                  0     14088      0        74      39    5242       0
16384                 0     35505      0         0      13    2621       0
32768               117     37544      0        27      65    1310       0
65536                 0    232853      0        44      24    1310       0
131072                0        23      0         0      16      32       0


******* CPU 12 *******
By size           inuse     calls failed   delayed    free   hiwat   freed
64                  181   2040249      0        19    1291  167768       0
128                 283   1659005      0         6     677  125826       0
256                 189   8234903      0       295    4867  251652       0
512                 131 6478623879      0       396    4885  524275       0
1024                112   1600833      0       184     660  125826       0
2048                110   5450523      0      2511    4928  314565       0
4096                  2    216848      0       136     330   20971       0
8192                  5    797118      0       249      77    5242       0
16384                11    249094      0        51     128    2621       0
32768               112    455569      0       222     545    1310       0
65536                 3 235626736      0        68      77    1310       0
131072                0     10507      0         0      26      32       0


******* CPU 13 *******
By size           inuse     calls failed   delayed    free   hiwat   freed
64                   18     83909      0         2     174  167768       0
128                  20    272589      0         0     140  125826       0
256                  52   2130550      0        34     844  251652       0
512                  65 1034139572      0        50     871  524275       0
1024                  5     66071      0        19      79  125826       0
2048                 49   1603416      0       373     845  314565       0
4096                  0     68711      0        26     257   20971       0
8192                  0    134352      0       171      65    5242       0
16384                 7    183565      0         0      60    2621       0
32768                21     45624      0        34     110    1310       0
65536                 0  18347666      0        34      43    1310       0
131072                0      1348      0         0      19      32       0


******* CPU 14 *******
By size           inuse     calls failed   delayed    free   hiwat   freed
64                   15     36216      0         1     113  167768       0
128                   2    244603      0         0      94  125826       0
256                  17    925938      0        22     607  251652       0
512                  18 568123653      0        20     638  524275       0
1024                  0     12762      0         3      68  125826       0
2048                 20    583143      0       260     610  314565       0
4096                  0     61280      0         0      82   20971       0
8192                  0      8231      0        59      34    5242       0
16384                 5    182722      0         0     105    2621       0
32768                17     20021      0         6      72    1310       0
65536                 0    167549      0        17      26    1310       0
131072                0       227      0         0      17      32       0


******* CPU 15 *******
By size           inuse     calls failed   delayed    free   hiwat   freed
64                   12     35630      0         1     180  167768       0
128                   5    236919      0         0      91  125826       0
256                  38    899611      0        13     490  251652       0
512                  46 549523460      0        13     554  524275       0
1024                  0     12267      0         5      68  125826       0
2048                 33    564188      0       218     487  314565       0
4096                  0     60402      0         2     179   20971       0
8192                  0      7896      0        66      33    5242       0
16384                 8    179816      0         0      93    2621       0
32768                12     19781      0         5      92    1310       0
65536                 2    168919      0        20      23    1310       0
131072                0       156      0         0      17      32       0


******* CPU 16 *******
By size           inuse     calls failed   delayed    free   hiwat   freed
64                   85   2471694      0         6     363  167768       0
128                  65    804409      0         6     383  125826       0
256                  57   5018507      0       168    2807  251652       0
512                  50 3990583600      0       221    2838  524275       0
1024                 63    776932      0        63     201  125826       0
2048                 62   4804187      0      1383    2790  314565       0
4096                  2    364395      0        89       9   20971       0
8192                 10    599370      0       209      64    5242       0
16384                 5     39303      0        83      36    2621       0
32768                77    235972      0       250     312    1310       0
65536                 0 149608863      0       140      71    1310       0
131072                0      4028      0         0    1579    3103       0


******* CPU 17 *******
By size           inuse     calls failed   delayed    free   hiwat   freed
64                   12     93330      0         3     180  167768       0
128                  10    159407      0         0      86  125826       0
256                   8   1426809      0        54     936  251652       0
512                   9 668164739      0        73     967  524275       0
1024                  1     44160      0        15      79  125826       0
2048                 19   1287395      0       446     935  314565       0
4096                  0     38445      0         6      14   20971       0
8192                  0     99239      0        85      49    5242       0
16384                 0     23581      0         4      19    2621       0
32768                11     28351      0        40      96    1310       0
65536                 0   7752879      0        33      24    1310       0
131072                0       544      0         0      18      32       0


******* CPU 18 *******
By size           inuse     calls failed   delayed    free   hiwat   freed
64                   11     29344      0         0     117  167768       0
128                   8    140444      0         0     120  125826       0
256                  19    398214      0        22     429  251652       0
512                  17 376559109      0        26     455  524275       0
1024                  0     12329      0         4      68  125826       0
2048                 26    367741      0       188     436  314565       0
4096                  0     25935      0         2       5   20971       0
8192                  0      5910      0        72      33    5242       0
16384                 3     21531      0         0       4    2621       0
32768                11     12790      0         6      52    1310       0
65536                 0    106097      0        13      23    1310       0
131072                0        14      0         0      17      32       0


******* CPU 19 *******
By size           inuse     calls failed   delayed    free   hiwat   freed
64                    9     28857      0         1     119  167768       0
128                  14    135639      0         0      82  125826       0
256                  13    383742      0        21     435  251652       0
512                  15 363861391      0        29     465  524275       0
1024                  0     11859      0         3      76  125826       0
2048                 21    354007      0       197     449  314565       0
4096                  0     25452      0         4       5   20971       0
8192                  0      5581      0        60      34    5242       0
16384                 1     21172      0         2       2    2621       0
32768                 9     12425      0         4      77    1310       0
65536                 0    113415      0        13       6    1310       0
131072                0        14      0         0      17      32       0


******* CPU 20 *******
By size           inuse     calls failed   delayed    free   hiwat   freed
64                  385   4043551      0        20     959  167768       0
128                 287   1979915      0        12     545  125826       0
256                  80   8127906      0       208    3568  251652       0
512                  87 9769042722      0       238    3617  524275       0
1024                271   1305922      0       150     369  125826       0
2048                162   7197991      0      1811    3552  314565       0
4096                  4    985950      0       142      15   20971       0
8192                 13   1047937      0       412     104    5242       0
16384                 1     80811      0       196     131    2621       0
32768               363    817826      0       397     301    1310       0
65536                 0 363454291      0       203      61    1310       0
131072                0      5407      0         0    1365    2722       0


******* CPU 21 *******
By size           inuse     calls failed   delayed    free   hiwat   freed
64                   60    173811      0         3     196  167768       0
128                  28    478182      0         0     196  125826       0
256                  42   2889157      0        49     998  251652       0
512                  47 1619846291      0        68    1033  524275       0
1024                 16     99824      0        24     124  125826       0
2048                 79   2549999      0       507    1023  314565       0
4096                  0     67768      0        21      21   20971       0
8192                  1    229145      0       169      52    5242       0
16384                 3     54378      0        22      18    2621       0
32768                60     87612      0        90     170    1310       0
65536                 0  33260861      0        68      38    1310       0
131072                0       820      0         0      26      32       0


******* CPU 22 *******
By size           inuse     calls failed   delayed    free   hiwat   freed
64                   51     77589      0         2     141  167768       0
128                  33    443013      0         0      95  125826       0
256                  52   1184850      0        29     556  251652       0
512                  57 876186345      0        27     583  524275       0
1024                  0     24527      0         2      80  125826       0
2048                 98   1090338      0       307     600  314565       0
4096                  0     45977      0         2      32   20971       0
8192                  0     26450      0        66      41    5242       0
16384                 1     52276      0         0      25    2621       0
32768                51     33858      0         7      96    1310       0
65536                 0    772948      0        37      28    1310       0
131072                0        80      0         0      17      32       0


******* CPU 23 *******
By size           inuse     calls failed   delayed    free   hiwat   freed
64                   66     76726      0         1      62  167768       0
128                  22    428441      0         0     106  125826       0
256                  38   1138705      0        33     666  251652       0
512                  40 846449525      0        56     680  524275       0
1024                  1     23906      0         3      67  125826       0
2048                100   1047990      0       300     602  314565       0
4096                  0     45324      0         1     158   20971       0
8192                  0     24740      0        65      39    5242       0
16384                 1     51846      0         0      29    2621       0
32768                66     32997      0         9      56    1310       0
65536                 0    781965      0        39      27    1310       0
131072                0        67      0         0      17      32       0


******* CPU 24 *******
By size           inuse     calls failed   delayed    free   hiwat   freed
64                  294   2191492      0        19     986  167768       0
128                 124  18381991      0        13    1252  125826       0
256                4229   7678300      0       449    3195  251652       0
512                4307 6052628373      0       794    3189  524275       0
1024                106    727058      0       178     626  125826       0
2048               4363   6755926      0      3742    3161  314565       0
4096                  2    224678      0       165     345   20971       0
8192                 16    711451      0       330      76    5242       0
16384                 9    285629      0        73     114    2621       0
32768               217    881309      0       254     383    1310       0
65536                 0 171758618      0        99      66    1310       0
131072                0     10135      0         0     981    1945       0


******* CPU 25 *******
By size           inuse     calls failed   delayed    free   hiwat   freed
64                   19     88540      0         4     237  167768       0
128                   9    254737      0         0     151  125826       0
256                  19   2141875      0        37     893  251652       0
512                  24 989171577      0        50     928  524275       0
1024                  1     54423      0        34     135  125826       0
2048                 26   1669749      0       422     926  314565       0
4096                  0     62110      0        55     179   20971       0
8192                  1    131556      0       169      64    5242       0
16384                 5    173816      0         0      28    2621       0
32768                20     51054      0        52     150    1310       0
65536                 0  15717680      0        41      38    1310       0
131072                0      1353      0         0      22      32       0


******* CPU 26 *******
By size           inuse     calls failed   delayed    free   hiwat   freed
64                   17     35997      0         2     111  167768       0
128                  17    233143      0         0     111  125826       0
256                  53    927592      0        20     571  251652       0
512                  54 545378660      0        13     602  524275       0
1024                  0     14719      0         8      92  125826       0
2048                 59    604721      0       265     577  314565       0
4096                  0     54240      0         2      10   20971       0
8192                  0     11882      0        74      33    5242       0
16384                 6    171171      0         0      40    2621       0
32768                17     20219      0         8     104    1310       0
65536                 0    408232      0        17      28    1310       0
131072                0       379      0         0      23      32       0


******* CPU 27 *******
By size           inuse     calls failed   delayed    free   hiwat   freed
64                   21     34941      0         1     171  167768       0
128                   9    225961      0         0      87  125826       0
256                  32    902706      0        13     480  251652       0
512                  31 526703480      0        18     513  524275       0
1024                  0     14151      0         9      72  125826       0
2048                 43    584366      0       204     463  314565       0
4096                  0     53204      0         0      65   20971       0
8192                  0     11556      0        73      33    5242       0
16384                 5    169179      0         0      46    2621       0
32768                21     19283      0        10      86    1310       0
65536                 0    416924      0        17      28    1310       0
131072                0       313      0         0      17      32       0


******* CPU 28 *******
By size           inuse     calls failed   delayed    free   hiwat   freed
64                  184    743980      0         5    3720  167768       0
128                  80   1273506      0         7     336  125826       0
256                 103   6312128      0       104    3753  251652       0
512                  96 3442289514      0       134    1992  524275       0
1024                 46    409039      0        56     186  125826       0
2048                205   5137387      0       977    1915  314565       0
4096                  3    148127      0        66      13   20971       0
8192                  3    491036      0       175      58    5242       0
16384                13    288755      0        23      83    2621       0
32768               183    202963      0       108     140    1310       0
65536                 0  77027617      0        73      58    1310       0
131072                0      3231      0         0     982    1945       0


******* CPU 29 *******
By size           inuse     calls failed   delayed    free   hiwat   freed
64                   13     37219      0         2     115  167768       0
128                   8     83570      0         0     152  125826       0
256                  10   1047217      0        46     806  251652       0
512                  10 470817694      0        62     846  524275       0
1024                  2     30647      0        12      54  125826       0
2048                 20    918711      0       396     792  314565       0
4096                  0     25405      0         3      35   20971       0
8192                  0     78313      0        84      54    5242       0
16384                 1     14586      0         0      15    2621       0
32768                13     18590      0        31      60    1310       0
65536                 0   5854894      0        30      36    1310       0
131072                0       464      0         0      19      32       0


******* CPU 30 *******
By size           inuse     calls failed   delayed    free   hiwat   freed
64                   13     18157      0         0      51  167768       0
128                   8     73055      0         0      88  125826       0
256                  10    234992      0        29     582  251652       0
512                  16 228399383      0        36     608  524275       0
1024                  0      7634      0         4      60  125826       0
2048                 23    211849      0       247     575  314565       0
4096                  0     21525      0         4      19   20971       0
8192                  0      5515      0        45      34    5242       0
16384                 0     13465      0         3       2    2621       0
32768                12      8096      0         8      30    1310       0
65536                 0    120557      0        17      20    1310       0
131072                0        18      0         0      16      32       0


******* CPU 31 *******
By size           inuse     calls failed   delayed    free   hiwat   freed
64                    9     17679      0         0      55  167768       0
128                   7     68124      0         0      57  125826       0
256                  12    216593      0        28     484  251652       0
512                  15 219230374      0        32     513  524275       0
1024                  0      7266      0         4      52  125826       0
2048                 21    194329      0       214     467  314565       0
4096                  0     20751      0         0       9   20971       0
8192                  0      5016      0        46      29    5242       0
16384                 0     13136      0         2       8    2621       0
32768                 9      7742      0         9      34    1310       0
65536                 0    122499      0        14      22    1310       0
131072                0        16      0         0      21      32       0


******* CPU 32 *******
By size           inuse     calls failed   delayed    free   hiwat   freed
64                   70   1181197      0         3     250  167768       0
128                  44    456553      0         5     340  125826       0
256                  29   3826118      0        87    1603  251652       0
512                  32 2317214576      0       106    1632  524275       0
1024                 46    442162      0        71     242  125826       0
2048                 45   3322300      0       779    1595  314565       0
4096                  1    203070      0        71      14   20971       0
8192                  3    495378      0       203      66    5242       0
16384                 2     44366      0        16      15    2621       0
32768                60    150983      0       132     212    1310       0
65536                 0  70484399      0        57      36    1310       0
131072                0      3623      0         0      18      32       0


******* CPU 33 *******
By size           inuse     calls failed   delayed    free   hiwat   freed
64                   13     50051      0         2     115  167768       0
128                   5     86359      0         0      91  125826       0
256                  14   1164069      0        42     850  251652       0
512                  20 447259897      0        57     868  524275       0
1024                  1     27935      0        17      79  125826       0
2048                 26   1017119      0       395     832  314565       0
4096                  0     40548      0        14      15   20971       0
8192                  0     73704      0       125      49    5242       0
16384                 0     29284      0        14      15    2621       0
32768                11     17290      0        48      98    1310       0
65536                 0   3953432      0        33      22    1310       0
131072                0       410      0         0      16      32       0


******* CPU 34 *******
By size           inuse     calls failed   delayed    free   hiwat   freed
64                    9     18885      0         1      55  167768       0
128                   1     75096      0         0      95  125826       0
256                  19    281491      0        13     317  251652       0
512                  20 242340220      0        13     340  524275       0
1024                  0      9183      0         3      64  125826       0
2048                 21    232594      0       137     305  314565       0
4096                  0     33075      0         0       5   20971       0
8192                  0      5310      0        43      33    5242       0
16384                 4     27799      0         0      36    2621       0
32768                 9      8437      0         6      49    1310       0
65536                 0    113002      0        16      27    1310       0
131072                0        39      0         0      16      32       0


******* CPU 35 *******
By size           inuse     calls failed   delayed    free   hiwat   freed
64                    5     18710      0         1     123  167768       0
128                   5     72419      0         0      91  125826       0
256                   6    264443      0        27     570  251652       0
512                   7 232761396      0        38     585  524275       0
1024                  0      8960      0         5      44  125826       0
2048                 10    215970      0       257     564  314565       0
4096                  0     31948      0         1       5   20971       0
8192                  0      5112      0        59      31    5242       0
16384                 0     27010      0         0      14    2621       0
32768                 5      8142      0         7      62    1310       0
65536                 0    116147      0         8      13    1310       0
131072                0        33      0         0      17      32       0


******* CPU 36 *******
By size           inuse     calls failed   delayed    free   hiwat   freed
64                   98    655010      0        12     798  167768       0
128                  72    389013      0         3     376  125826       0
256                  96   4030819      0       133    2400  251652       0
512                 100 3162885799      0       223    2452  524275       0
1024                 69    301084      0        87     283  125826       0
2048                114   3334145      0      1176    2366  314565       0
4096                  2    194140      0        73      15   20971       0
8192                  2    518704      0       175      62    5242       0
16384                 3     61899      0       103     129    2621       0
32768                87    254020      0       129     104    1310       0
65536                 0  80270722      0        54      52    1310       0
131072                0      3846      0         0      18      32       0


******* CPU 37 *******
By size           inuse     calls failed   delayed    free   hiwat   freed
64                   13     47880      0         2     179  167768       0
128                  13    142305      0         7     339  125826       0
256                  13   1924500      0        29     675  251652       0
512                  19 759827789      0        29     709  524275       0
1024                  2     33236      0        27     106  125826       0
2048                 20   1671636      0       323     692  314565       0
4096                  0     46451      0        11     171   20971       0
8192                  0    124540      0       118      55    5242       0
16384                 2     47608      0         1      27    2621       0
32768                12     26673      0        46     112    1310       0
65536                 0   8714111      0        39      30    1310       0
131072                0       854      0         0      20      32       0


******* CPU 38 *******
By size           inuse     calls failed   delayed    free   hiwat   freed
64                   16     27075      0         1      48  167768       0
128                   9    128222      0         0      87  125826       0
256                  24    526404      0        15     408  251652       0
512                  27 380092380      0        21     429  524275       0
1024                  0     11676      0         4      60  125826       0
2048                 35    430291      0       190     399  314565       0
4096                  0     39081      0         0      46   20971       0
8192                  0     16626      0        61      33    5242       0
16384                 3     45068      0         0      37    2621       0
32768                15     13400      0         7      47    1310       0
65536                 0    345308      0        21      34    1310       0
131072                0       169      0         0      17      32       0


******* CPU 39 *******
By size           inuse     calls failed   delayed    free   hiwat   freed
64                   14     25726      0         1     114  167768       0
128                  13    121518      0         0      83  125826       0
256                  35    481172      0         9     317  251652       0
512                  32 364489254      0        17     336  524275       0
1024                  1     11117      0        13      51  125826       0
2048                 45    389097      0       152     309  314565       0
4096                  0     38233      0         0     141   20971       0
8192                  0     15288      0        74      34    5242       0
16384                 2     44910      0         0      28    2621       0
32768                14     12336      0        10      44    1310       0
65536                 0    358548      0        14      28    1310       0
131072                0       132      0         0      17      32       0


******* CPU 40 *******
By size           inuse     calls failed   delayed    free   hiwat   freed
64                   52    493124      0         4     268  167768       0
128                  42    225373      0         7     374  125826       0
256                  87   3224956      0        91    1497  251652       0
512                  88 2079189498      0       161    1968  524275       0
1024                 39    234209      0        59     201  125826       0
2048                 80   2747962      0       750    1454  314565       0
4096                  1     83246      0        81      14   20971       0
8192                 16    451508      0       138      44    5242       0
16384                 2     17130      0        40     132    2621       0
32768                51    185243      0       115     153    1310       0
65536                 0  65564355      0        66      45    1310       0
131072                0      2816      0         0    1364    2722       0


******* CPU 41 *******
By size           inuse     calls failed   delayed    free   hiwat   freed
64                   17     31114      0         2     175  167768       0
128                   6     75218      0         0      90  125826       0
256                  26    992018      0        40     694  251652       0
512                  28 398528756      0        41     716  524275       0
1024                  2     22892      0        13      62  125826       0
2048                 40    894442      0       332     666  314565       0
4096                  0     22279      0         2       5   20971       0
8192                  0     67509      0        62      39    5242       0
16384                 1     10786      0         1      22    2621       0
32768                16     16080      0        41      86    1310       0
65536                 0   3570131      0        33      28    1310       0
131072                0       382      0         0      19      32       0


******* CPU 42 *******
By size           inuse     calls failed   delayed    free   hiwat   freed
64                    8     17227      0         0      56  167768       0
128                  10     68743      0         0     118  125826       0
256                  18    230757      0        15     270  251652       0
512                  20 214054486      0        10     284  524275       0
1024                  0      8070      0         6      56  125826       0
2048                 22    215554      0       117     256  314565       0
4096                  0     18874      0         0       8   20971       0
8192                  0      5449      0        39      33    5242       0
16384                 1      9662      0         0      33    2621       0
32768                 8      7578      0         1      43    1310       0
65536                 0    119292      0        13      26    1310       0
131072                0        23      0         0      19      32       0


******* CPU 43 *******
By size           inuse     calls failed   delayed    free   hiwat   freed
64                   14     17103      0         0      50  167768       0
128                   4     65187      0         0     124  125826       0
256                   8    215782      0        21     456  251652       0
512                   8 204894712      0        26     480  524275       0
1024                  0      7639      0         5      80  125826       0
2048                 22    200458      0       179     442  314565       0
4096                  0     18193      0         0       5   20971       0
8192                  0      5258      0        43      32    5242       0
16384                 0      9693      0         1       2    2621       0
32768                14      7453      0         4      27    1310       0
65536                 0    126090      0        14      27    1310       0
131072                0        13      0         0      17      32       0


******* CPU 44 *******
By size           inuse     calls failed   delayed    free   hiwat   freed
64                   61    472853      0         4     195  167768       0
128                  41    267819      0         7     375  125826       0
256                  30   3376926      0       109    1762  251652       0
512                  34 1916158291      0       161    1886  524275       0
1024                 42    329899      0        57     186  125826       0
2048                 41   2701041      0       887    1753  314565       0
4096                  1     86397      0        47      14   20971       0
8192                  4    450827      0       168      61    5242       0
16384                 2     22993      0        35     107    2621       0
32768                58    122516      0       107     128    1310       0
65536                 0  62711869      0        74      60    1310       0
131072                0      3081      0         0    1371    2722       0


******* CPU 45 *******
By size           inuse     calls failed   delayed    free   hiwat   freed
64                   12     27516      0         1     116  167768       0
128                   5     62498      0         0     155  125826       0
256                   4    868651      0        59    1004  251652       0
512                   6 380923695      0        76    1034  524275       0
1024                  3     24676      0        14      65  125826       0
2048                 13    753010      0       471     985  314565       0
4096                  0     27129      0         1      46   20971       0
8192                  0     64916      0       117      53    5242       0
16384                 0     15530      0         3      17    2621       0
32768                12     14343      0        35      67    1310       0
65536                 0   4284410      0        33      32    1310       0
131072                0       405      0         0      20      32       0


******* CPU 46 *******
By size           inuse     calls failed   delayed    free   hiwat   freed
64                    6     15103      0         0      58  167768       0
128                   1     53222      0         0      95  125826       0
256                   7    191742      0        20     393  251652       0
512                   9 189425550      0        24     423  524275       0
1024                  0      6905      0         7      48  125826       0
2048                 11    165277      0       172     385  314565       0
4096                  0     24109      0         1      13   20971       0
8192                  0      4848      0        51      33    5242       0
16384                 2     14340      0         0      15    2621       0
32768                 6      6879      0         8      51    1310       0
65536                 0    126231      0        12      24    1310       0
131072                0        50      0         0      17      32       0


******* CPU 47 *******
By size           inuse     calls failed   delayed    free   hiwat   freed
64                   10     14530      0         0      54  167768       0
128                   6     49955      0         0      58  125826       0
256                   5    179955      0         7     283  251652       0
512                   8 181892138      0         6     312  524275       0
1024                  0      6598      0         3      40  125826       0
2048                 13    153438      0        74     277  314565       0
4096                  0     23348      0         2       4   20971       0
8192                  0      4520      0        36      32    5242       0
16384                 1     14054      0         0      24    2621       0
32768                10      6408      0         1      28    1310       0
65536                 0    130980      0        12      23    1310       0
131072                0        62      0         0      16      32       0

Streams mblk statistic failures:
0 high priority mblk failures
0 medium priority mblk failures
0 low priority mblk failures
==== EXITED with rc 0 ====
==== END netstat -m Tue Jul  7 00:28:28 GST 2015 ====
