==== This output can be found in Systems/dx980/network/netstat-m.txt ====
==== START netstat -m Mon Jul  6 23:24:53 GST 2015 ====

Kernel malloc statistics:

******* CPU 0 *******
By size           inuse     calls failed   delayed    free   hiwat   freed
64                 1021   5756280      0        19     387   83880       0
128                3040   1525518      0       107     384   62910       0
256               13304   2729553      0       917    1384  125820       0
512               18130 108677329      0      2485    1846  262125       0
1024                659   2765119      0       239     333   62910       0
2048               5154   2098174      0      2842     550  157275       0
4096                117    256344      0        20      21   10485       0
8192                 13     31424      0        31      22    2621       0
16384              1283     19926      0       199     128    1310       0
32768               182      2543      0       106     116     655       0
65536               243       930      0       182      57     655       0
131072                8        64      0         0      18      32       0


******* CPU 1 *******
By size           inuse     calls failed   delayed    free   hiwat   freed
64                    0      1699      0         1     128   83880       0
128                   1       721      0         0     127   62910       0
256                   3       489      0         3     109  125820       0
512                  23  10561067      0         5     121  262125       0
1024                  0       563      0        25     104   62910       0
2048                  3      1349      0        27     109  157275       0
4096                  0       174      0         6       5   10485       0
8192                  0        22      0         0       5    2621       0
16384                 0         1      0         1       0    1310       0
32768                 0       139      0         1      20     655       0
131072                0         0      0         0      16      32       0


******* CPU 2 *******
By size           inuse     calls failed   delayed    free   hiwat   freed
64                    2      1038      0         0      62   83880       0
128                   5       252      0         0      27   62910       0
256                  10       141      0         0      22  125820       0
512                  22  10408380      0         1      34  262125       0
1024                  0        57      0         6      24   62910       0
2048                 12      1137      0         1      18  157275       0
4096                  0         1      0         0       0   10485       0
32768                 0       130      0         0      20     655       0
131072                0         0      0         0      16      32       0


******* CPU 3 *******
By size           inuse     calls failed   delayed    free   hiwat   freed
64                    0      1009      0         1      64   83880       0
128                   1       265      0         0      31   62910       0
256                  10       174      0         1      38  125820       0
512                  26  10272001      0         0      54  262125       0
1024                  0        56      0         7      28   62910       0
2048                 10      1145      0         0      34  157275       0
4096                  0         6      0         0      20   10485       0
8192                  0         6      0         2       8    2621       0
32768                 0       119      0         0      14     655       0
131072                0         0      0         0      16      32       0


******* CPU 4 *******
By size           inuse     calls failed   delayed    free   hiwat   freed
64                   23     48312      0         5     297   83880       0
128                  13     41701      0         8     435   62910       0
256                  12      6539      0        82    1348  125820       0
512                  22    633971      0       224    1818  262125       0
1024                 23     41843      0        67     265   62910       0
2048                 12      6807      0       260     516  157275       0
4096                  0      1393      0         2      10   10485       0
8192                  2        70      0         6       6    2621       0
16384                 2       259      0        17     120    1310       0
32768                 0       792      0        18      50     655       0
65536                 0       134      0        29      47     655       0
131072                0        15      0         0     823    1638       0


******* CPU 5 *******
By size           inuse     calls failed   delayed    free   hiwat   freed
64                    4       641      0         1      60   83880       0
128                   4       439      0         0      60   62910       0
256                   0        41      0         1      32  125820       0
512                   9     48728      0         1      39  262125       0
1024                  4       420      0        15      56   62910       0
2048                  1       159      0         1      17  157275       0
4096                  0        42      0         0       5   10485       0
32768                 0       108      0         0      15     655       0
131072                0         0      0         0      16      32       0


******* CPU 6 *******
By size           inuse     calls failed   delayed    free   hiwat   freed
64                    0       185      0         1      64   83880       0
128                   0        74      0         0      32   62910       0
256                   0         2      0         0      16  125820       0
512                   2     45025      0         0      30  262125       0
1024                  0        75      0         6      24   62910       0
2048                  0       113      0         0      16  157275       0
4096                  0         0      0         0      11   10485       0
32768                 0       108      0         0      16     655       0
131072                0         0      0         0      16      32       0


******* CPU 7 *******
By size           inuse     calls failed   delayed    free   hiwat   freed
64                    0       120      0         1      64   83880       0
128                   0        44      0         0      32   62910       0
256                   0         5      0         1      16  125820       0
512                   4     44760      0         2      28  262125       0
1024                  0        44      0         4      16   62910       0
2048                  0        83      0         2      12  157275       0
4096                  0         0      0         0      15   10485       0
32768                 0        77      0         0      12     655       0
131072                0         0      0         0      16      32       0


******* CPU 8 *******
By size           inuse     calls failed   delayed    free   hiwat   freed
64                    9     18758      0         3     183   83880       0
128                   1     15594      0         0     159   62910       0
256                   5      1689      0        12     219  125820       0
512                  11    207535      0        17     229  262125       0
1024                  2     16146      0        38     150   62910       0
2048                  2      2588      0       100     214  157275       0
4096                  0       615      0         4       4   10485       0
8192                  2        41      0         6       5    2621       0
16384                 2        73      0        12       4    1310       0
32768                 1       499      0        11      17     655       0
65536                 0        19      0         6       4     655       0
131072                0         7      0         0      18      32       0


******* CPU 9 *******
By size           inuse     calls failed   delayed    free   hiwat   freed
64                    0       315      0         1      64   83880       0
128                   0       219      0         0      32   62910       0
256                   1        40      0         2      31  125820       0
512                   3     17515      0         0      29  262125       0
1024                  0       211      0         9      36   62910       0
2048                  1       126      0         1      13  157275       0
4096                  0         2      0         0       8   10485       0
8192                  0         8      0         2       8    2621       0
32768                 0        89      0         0      10     655       0
131072                0         0      0         0      16      32       0


******* CPU 10 *******
By size           inuse     calls failed   delayed    free   hiwat   freed
64                    0        94      0         1      64   83880       0
128                   0        36      0         0      32   62910       0
256                   0        17      0         1      32  125820       0
512                   0     14138      0         0      32  262125       0
1024                  0        27      0         2       8   62910       0
2048                  0        77      0         0      10  157275       0
4096                  0         0      0         0      17   10485       0
8192                  0         7      0         2       8    2621       0
32768                 0        66      0         0      10     655       0
131072                0         0      0         0      16      32       0


******* CPU 11 *******
By size           inuse     calls failed   delayed    free   hiwat   freed
64                    0        87      0         0      64   83880       0
128                   0        24      0         0      32   62910       0
256                   0         1      0         1      16  125820       0
512                   0     13999      0         0      32  262125       0
1024                  0        25      0         3      12   62910       0
2048                  0        63      0         0      10  157275       0
4096                  0         0      0         0      17   10485       0
32768                 0        62      0         0      12     655       0
131072                0         0      0         0      16      32       0


******* CPU 12 *******
By size           inuse     calls failed   delayed    free   hiwat   freed
64                    2      2523      0         1     126   83880       0
128                   2      1999      0         0     126   62910       0
256                   0       360      0         9     176  125820       0
512                   4     33147      0        11     212  262125       0
1024                  2      2289      0        25     102   62910       0
2048                  0       425      0        81     174  157275       0
4096                  0        66      0         1       3   10485       0
8192                  0         8      0         3       4    2621       0
16384                 0        23      0         6       0    1310       0
32768                 0       268      0         3      15     655       0
65536                 0         1      0         1       0     655       0
131072                0         2      0         0      16      32       0


******* CPU 13 *******
By size           inuse     calls failed   delayed    free   hiwat   freed
64                    0       295      0         1      64   83880       0
128                   0       193      0         0      32   62910       0
256                   0        14      0         1      16  125820       0
512                   0      5640      0         2      24  262125       0
1024                  0       190      0         8      32   62910       0
2048                  0        88      0         2      12  157275       0
4096                  0        19      0         0      12   10485       0
32768                 0        59      0         1      12     655       0
131072                0         0      0         0      16      32       0


******* CPU 14 *******
By size           inuse     calls failed   delayed    free   hiwat   freed
64                    0        79      0         1      64   83880       0
128                   0        12      0         0      32   62910       0
512                   0      3452      0         0      32  262125       0
1024                  0        12      0         1       4   62910       0
2048                  0        67      0         0       8  157275       0
4096                  0         0      0         0      21   10485       0
32768                 0        67      0         0       8     655       0
131072                0         0      0         0      16      32       0


******* CPU 15 *******
By size           inuse     calls failed   delayed    free   hiwat   freed
64                    0        88      0         1      64   83880       0
128                   0        20      0         0      32   62910       0
512                   0      3147      0         0      16  262125       0
1024                  0        14      0         2       8   62910       0
2048                  0        62      0         0       6  157275       0
4096                  0        12      0         0      23   10485       0
32768                 0        50      0         0       8     655       0
131072                0         0      0         0      16      32       0


******* CPU 16 *******
By size           inuse     calls failed   delayed    free   hiwat   freed
64                  100    746891      0        12     668   83880       0
128                 235   4627624      0        17     373   62910       0
256                4231    170790      0       272     265  125820       0
512                4239  17925452      0       530     289  262125       0
1024                 59    541243      0        97     333   62910       0
2048               4141    169626      0      2341     581  157275       0
4096                  5     23177      0        16      12   10485       0
8192                  3      1798      0        15       6    2621       0
16384                 0      1036      0        33       3    1310       0
32768                 5      1797      0        54     120     655       0
65536                 0       148      0        47      20     655       0
131072                0        33      0         0     820    1638       0


******* CPU 17 *******
By size           inuse     calls failed   delayed    free   hiwat   freed
64                    1      2542      0         3     191   83880       0
128                   1      1275      0         0      95   62910       0
256                   0       513      0        10     176  125820       0
512                  24    716935      0         9     200  262125       0
1024                  1      1637      0        23      91   62910       0
2048                  0      1188      0        79     180  157275       0
4096                  0        57      0         2       8   10485       0
8192                  0        41      0         1       1    2621       0
16384                 0         6      0         2       2    1310       0
32768                 0       194      0         7      26     655       0
131072                0         0      0         0      16      32       0


******* CPU 18 *******
By size           inuse     calls failed   delayed    free   hiwat   freed
64                    5       362      0         0      59   83880       0
128                   1        92      0         0      31   62910       0
256                   0       187      0         8     144  125820       0
512                  22    650199      0        13     162  262125       0
1024                  2        91      0         7      26   62910       0
2048                  3       444      0        68     145  157275       0
4096                  0         1      0         0      13   10485       0
8192                  0         2      0         0       0    2621       0
32768                 0       127      0         0      16     655       0
131072                0         0      0         0      16      32       0


******* CPU 19 *******
By size           inuse     calls failed   delayed    free   hiwat   freed
64                    0       347      0         1      64   83880       0
128                   0       113      0         0      64   62910       0
256                   1       173      0         8     127  125820       0
512                  29    628313      0        11     155  262125       0
1024                  0       111      0        10      40   62910       0
2048                  1       410      0        60     133  157275       0
4096                  0         0      0         0      25   10485       0
32768                 0       133      0         1      15     655       0
131072                0         0      0         0      16      32       0


******* CPU 20 *******
By size           inuse     calls failed   delayed    free   hiwat   freed
64                    6      1613      0         2     122   83880       0
128                   6      1231      0         0      90   62910       0
256                   0        92      0         1      32  125820       0
512                   7     13260      0         5      41  262125       0
1024                  6      1370      0        21      78   62910       0
2048                  2       131      0         2      10  157275       0
4096                  0        53      0         1       2   10485       0
8192                  0         3      0         0      11    2621       0
32768                 0       139      0         3      12     655       0
131072                0         0      0         0      16      32       0


******* CPU 21 *******
By size           inuse     calls failed   delayed    free   hiwat   freed
64                    0       364      0         1      64   83880       0
128                   0       320      0         0      64   62910       0
256                   0         8      0         1      16  125820       0
512                   0      2214      0         1      16  262125       0
1024                  0       313      0        14      56   62910       0
2048                  0        40      0         1       6  157275       0
4096                  0        13      0         0       9   10485       0
16384                 0         1      0         1       8    1310       0
32768                 0        20      0         0       4     655       0
131072                0         0      0         0      16      32       0


******* CPU 22 *******
By size           inuse     calls failed   delayed    free   hiwat   freed
64                    0        31      0         1      64   83880       0
128                   0         4      0         0      32   62910       0
512                   0      1494      0         1       8  262125       0
1024                  0         4      0         1       4   62910       0
2048                  0        27      0         0       6  157275       0
4096                  0         0      0         0      25   10485       0
32768                 0        27      0         0       8     655       0
131072                0         0      0         0      16      32       0


******* CPU 23 *******
By size           inuse     calls failed   delayed    free   hiwat   freed
64                    0        23      0         0      64   83880       0
128                   0         2      0         0      32   62910       0
256                   0         4      0         0      16  125820       0
512                   1      1383      0         0      15  262125       0
2048                  0        21      0         0       4  157275       0
4096                  0         0      0         0      25   10485       0
32768                 0        21      0         0       4     655       0
131072                0         0      0         0      16      32       0


******* CPU 24 *******
By size           inuse     calls failed   delayed    free   hiwat   freed
64                   10     34094      0         4     310   83880       0
128                   8     26694      0         2     344   62910       0
256                   1      5714      0        82    1359  125820       0
512                   8    661632      0       208    1816  262125       0
1024                  9     31073      0        74     291   62910       0
2048                  2      4881      0       256     518  157275       0
4096                  0       554      0         4       6   10485       0
8192                  0        42      0         4       3    2621       0
16384                 0       284      0        32     129    1310       0
32768                 0       780      0        18      27     655       0
65536                 0       112      0        32      58     655       0
131072                0        13      0         0     821    1638       0


******* CPU 25 *******
By size           inuse     calls failed   delayed    free   hiwat   freed
64                    0       476      0         2     128   83880       0
128                   0       280      0         0     128   62910       0
256                   0       281      0         8     144  125820       0
512                   4     57144      0        15     164  262125       0
1024                  0       375      0        25     100   62910       0
2048                  0       373      0        59     140  157275       0
4096                  0         2      0         0       5   10485       0
32768                 0        91      0         0      11     655       0
131072                0         0      0         0      16      32       0


******* CPU 26 *******
By size           inuse     calls failed   delayed    free   hiwat   freed
64                    0       135      0         1      64   83880       0
128                   0        41      0         0      32   62910       0
256                   0        10      0         0      16  125820       0
512                   4     49529      0         0      28  262125       0
1024                  0        32      0         5      20   62910       0
2048                  0       112      0         0      10  157275       0
4096                  0         0      0         0      15   10485       0
32768                 0       100      0         0      12     655       0
131072                0         0      0         0      16      32       0


******* CPU 27 *******
By size           inuse     calls failed   delayed    free   hiwat   freed
64                    0       138      0         1      64   83880       0
128                   0        44      0         0      32   62910       0
256                   0        10      0         0      16  125820       0
512                   6     49620      0         0      34  262125       0
1024                  0        37      0         5      20   62910       0
2048                  0       111      0         0      12  157275       0
4096                  0         0      0         0      13   10485       0
32768                 0       100      0         0      12     655       0
131072                0         0      0         0      16      32       0


******* CPU 28 *******
By size           inuse     calls failed   delayed    free   hiwat   freed
64                    5      1083      0         2     123   83880       0
128                   5       841      0         0      91   62910       0
256                   0        54      0         1      16  125820       0
512                   5      8577      0         7      75  262125       0
1024                  5       930      0        17      63   62910       0
2048                  1       131      0         1       7  157275       0
4096                  0        29      0         0      27   10485       0
8192                  0         1      0         1       4    2621       0
32768                 0        91      0         3      15     655       0
131072                0         0      0         0      16      32       0


******* CPU 29 *******
By size           inuse     calls failed   delayed    free   hiwat   freed
64                    2       259      0         1      62   83880       0
128                   2       203      0         0      30   62910       0
256                   0         4      0         1      16  125820       0
512                   1      4706      0         1      23  262125       0
1024                  2       201      0         9      34   62910       0
2048                  0        44      0         1       6  157275       0
4096                  0        19      0         0      14   10485       0
32768                 0        21      0         0       4     655       0
131072                0         0      0         0      16      32       0


******* CPU 30 *******
By size           inuse     calls failed   delayed    free   hiwat   freed
64                    0        18      0         1      64   83880       0
128                   0         2      0         0      32   62910       0
512                   0      1382      0         0       8  262125       0
1024                  0         2      0         1       4   62910       0
2048                  0        16      0         0       4  157275       0
4096                  0         0      0         0      26   10485       0
32768                 0        16      0         0       4     655       0
131072                0         0      0         0      16      32       0


******* CPU 31 *******
By size           inuse     calls failed   delayed    free   hiwat   freed
64                    0        14      0         0      64   83880       0
512                   2      1266      0         0       6  262125       0
2048                  0        14      0         0       6  157275       0
4096                  0         0      0         0      27   10485       0
32768                 0        14      0         0       8     655       0
131072                0         0      0         0      16      32       0


******* CPU 32 *******
By size           inuse     calls failed   delayed    free   hiwat   freed
64                    9     12705      0         6     375   83880       0
128                   8     10162      0         1     344   62910       0
256                   0      1367      0         8     160  125820       0
512                  12    163502      0        11     180  262125       0
1024                  8     11961      0        86     340   62910       0
2048                  1      1379      0        67     145  157275       0
4096                  0       142      0         5       5   10485       0
8192                  0        29      0         4       2    2621       0
16384                 0       123      0        21     101    1310       0
32768                 0       470      0        15      24     655       0
65536                 0        51      0        16      11     655       0
131072                0         5      0         0     820    1638       0


******* CPU 33 *******
By size           inuse     calls failed   delayed    free   hiwat   freed
64                    0       528      0         2     128   83880       0
128                   0       375      0         0      96   62910       0
256                   0        37      0         1      32  125820       0
512                   2     15711      0         4      38  262125       0
1024                  0       438      0        18      72   62910       0
2048                  0        87      0         1      10  157275       0
4096                  0         3      0         0       1   10485       0
8192                  0         4      0         1      14    2621       0
16384                 0         1      0         1       8    1310       0
32768                 0        83      0         0      12     655       0
131072                0         0      0         0      16      32       0


******* CPU 34 *******
By size           inuse     calls failed   delayed    free   hiwat   freed
64                    0       152      0         1      64   83880       0
128                   0        65      0         0      64   62910       0
256                   0         4      0         0      16  125820       0
512                   2     14619      0         1      22  262125       0
1024                  0        67      0        12      48   62910       0
2048                  0        84      0         1      10  157275       0
4096                  0         1      0         0       8   10485       0
32768                 0        78      0         0      12     655       0
131072                0         0      0         0      16      32       0


******* CPU 35 *******
By size           inuse     calls failed   delayed    free   hiwat   freed
64                    0       103      0         1      64   83880       0
128                   0        47      0         0      32   62910       0
512                   0     12855      0         0      32  262125       0
1024                  0        47      0         7      28   62910       0
2048                  0        56      0         0       6  157275       0
4096                  0         0      0         0      16   10485       0
32768                 0        55      0         0       8     655       0
131072                0         0      0         0      16      32       0


******* CPU 36 *******
By size           inuse     calls failed   delayed    free   hiwat   freed
64                    6      1064      0         1      58   83880       0
128                   6       807      0         0      58   62910       0
256                   0        89      0         1      48  125820       0
512                   5     10168      0         1      27  262125       0
1024                  6       870      0        15      54   62910       0
2048                  1        84      0         1       7  157275       0
4096                  0        37      0         0       3   10485       0
8192                  0         3      0         1       4    2621       0
32768                 0       100      0         3      15     655       0
131072                0         0      0         0      16      32       0


******* CPU 37 *******
By size           inuse     calls failed   delayed    free   hiwat   freed
64                    0       388      0         1      64   83880       0
128                   0       362      0         0      64   62910       0
256                   0         4      0         1      16  125820       0
512                   6      3778      0         0      26  262125       0
1024                  0       363      0        13      52   62910       0
2048                  0        26      0         1       6  157275       0
4096                  0         4      0         0       8   10485       0
32768                 0        20      0         0       8     655       0
131072                0         0      0         0      16      32       0


******* CPU 38 *******
By size           inuse     calls failed   delayed    free   hiwat   freed
64                    0        18      0         1      64   83880       0
512                   0      2887      0         0       8  262125       0
1024                  0         2      0         1       4   62910       0
2048                  0        16      0         0       6  157275       0
4096                  0         0      0         0      26   10485       0
32768                 0        16      0         0       8     655       0
131072                0         0      0         0      16      32       0


******* CPU 39 *******
By size           inuse     calls failed   delayed    free   hiwat   freed
64                    0        14      0         1      64   83880       0
128                   0         2      0         0      32   62910       0
512                   2      1460      0         0       6  262125       0
1024                  0         2      0         1       4   62910       0
2048                  0        12      0         0       4  157275       0
4096                  0         0      0         0      26   10485       0
32768                 0        12      0         0       4     655       0
131072                0         0      0         0      16      32       0


******* CPU 40 *******
By size           inuse     calls failed   delayed    free   hiwat   freed
64                    6      1773      0         2     122   83880       0
128                   3      1224      0         0      93   62910       0
256                   0       343      0        11     176  125820       0
512                   7     18570      0        19     177  262125       0
1024                  5      1707      0        20      75   62910       0
2048                  2       339      0        79     162  157275       0
4096                  0        12      0         0       3   10485       0
8192                  0         4      0         0       2    2621       0
16384                 0         3      0         2       1    1310       0
32768                 0       191      0         5       5     655       0
65536                 0         1      0         1       0     655       0
131072                0         1      0         0      16      32       0


******* CPU 41 *******
By size           inuse     calls failed   delayed    free   hiwat   freed
64                    0       288      0         1      64   83880       0
128                   0       234      0         0      64   62910       0
256                   0        14      0         1      16  125820       0
512                   4      4420      0         1      28  262125       0
1024                  0       260      0        15      60   62910       0
2048                  0        33      0         1       6  157275       0
4096                  0         2      0         0       6   10485       0
32768                 0        26      0         0       8     655       0
131072                0         0      0         0      16      32       0


******* CPU 42 *******
By size           inuse     calls failed   delayed    free   hiwat   freed
64                    0        42      0         1      64   83880       0
128                   0         4      0         0      32   62910       0
512                   0      2632      0         0      16  262125       0
1024                  0         3      0         1       4   62910       0
2048                  0        38      0         0      10  157275       0
4096                  0         0      0         0      22   10485       0
32768                 0        38      0         0      12     655       0
131072                0         0      0         0      16      32       0


******* CPU 43 *******
By size           inuse     calls failed   delayed    free   hiwat   freed
64                    0        45      0         1      64   83880       0
128                   0         2      0         0      32   62910       0
512                   0      2486      0         0      16  262125       0
1024                  0         2      0         1       4   62910       0
2048                  0        43      0         0       6  157275       0
4096                  0         0      0         0      24   10485       0
32768                 0        43      0         0       8     655       0
131072                0         0      0         0      16      32       0


******* CPU 44 *******
By size           inuse     calls failed   delayed    free   hiwat   freed
64                    3      2030      0         1      61   83880       0
128                   6       980      0         1      90   62910       0
256                   9       274      0         0      39  125820       0
512                  26  11372208      0         1      46  262125       0
1024                  1       750      0        15      63   62910       0
2048                 10      1443      0         1      38  157275       0
4096                  1        67      0         5      21   10485       0
8192                  0         9      0         3       9    2621       0
16384                 0         6      0         3       6    1310       0
32768                 0       143      0         0      21     655       0
131072                0         0      0         0     948    1638       0


******* CPU 45 *******
By size           inuse     calls failed   delayed    free   hiwat   freed
64                    0       159      0         1      64   83880       0
128                   0       156      0         0      32   62910       0
256                   0         7      0         1      16  125820       0
512                   0      3380      0         2      24  262125       0
1024                  0       156      0         8      32   62910       0
2048                  0         4      0         1       2  157275       0
4096                  0         6      0         0      17   10485       0
32768                 0         3      0         0       4     655       0
131072                0         0      0         0      16      32       0


******* CPU 46 *******
By size           inuse     calls failed   delayed    free   hiwat   freed
64                    0         5      0         1      64   83880       0
128                   0         4      0         0      32   62910       0
512                   0      1226      0         1      16  262125       0
1024                  0         4      0         1       4   62910       0
2048                  0         1      0         0       2  157275       0
4096                  0         0      0         0      26   10485       0
32768                 0         1      0         0       4     655       0
131072                0         0      0         0      16      32       0


******* CPU 47 *******
By size           inuse     calls failed   delayed    free   hiwat   freed
64                    0        13      0         1      64   83880       0
128                   0         8      0         0      32   62910       0
512                   0       869      0         0       8  262125       0
1024                  0         8      0         2       8   62910       0
2048                  0         5      0         0       4  157275       0
4096                  0         0      0         0      25   10485       0
32768                 0         5      0         0       4     655       0
131072                0         0      0         0      16      32       0

Streams mblk statistic failures:
0 high priority mblk failures
0 medium priority mblk failures
0 low priority mblk failures
==== EXITED with rc 0 ====
==== END netstat -m Mon Jul  6 23:24:53 GST 2015 ====
