==== This output can be found in Systems/dx978/network/netstat-m.txt ====
==== START netstat -m Mon Jul  6 23:43:39 GST 2015 ====

Kernel malloc statistics:

******* CPU 0 *******
By size           inuse     calls failed   delayed    free   hiwat   freed
64                 1001  15748601      0        19     343   99608       0
128                 564   3471698      0        29     364   74706       0
256                1525   7874922      0       179    1371  149412       0
512                2519 401760139      0       541    1865  311275       0
1024                583   7598657      0       223     325   74706       0
2048                556   5610449      0       537     540  186765       0
4096                 60    584607      0        25      22   12451       0
8192                 10     38974      0        22       6    3112       0
16384               170     54849      0        55     131    1556       0
32768                49      2328      0        24      26     778       0
65536                82      1761      0        76      57     778       0
131072                5       131      0         0      25      32       0


******* CPU 1 *******
By size           inuse     calls failed   delayed    free   hiwat   freed
64                    0     35842      0         1     128   99608       0
128                   0      9918      0         0      96   74706       0
256                  13     56819      0         1      35  149412       0
512                  24  19069983      0         1     128  311275       0
1024                  0     22469      0        19      76   74706       0
2048                  3     29154      0        27      61  186765       0
4096                  1     12200      0        15      11   12451       0
8192                  0       522      0         8       3    3112       0
16384                 7       186      0         4      13    1556       0
32768                 1        37      0         1       3     778       0
65536                 0         8      0         2       3     778       0
131072                0         6      0         0      18      32       0


******* CPU 2 *******
By size           inuse     calls failed   delayed    free   hiwat   freed
64                    0      7718      0         0      64   99608       0
128                   0      1030      0         0      64   74706       0
256                   7      2435      0         0      25  149412       0
512                  22  17095121      0         1      66  311275       0
1024                  0       626      0        12      48   74706       0
2048                  2      3896      0         0      10  186765       0
4096                  0       165      0         3       6   12451       0
8192                  0         4      0         2       2    3112       0
16384                 4       118      0         0       9    1556       0
32768                 1        21      0         0       7     778       0
131072                0         0      0         0      16      32       0


******* CPU 3 *******
By size           inuse     calls failed   delayed    free   hiwat   freed
64                    0      7141      0         0      64   99608       0
128                   2       829      0         0      30   74706       0
256                   6      1958      0         0      26  149412       0
512                  13  16645688      0         1      43  311275       0
1024                  0       463      0         8      32   74706       0
2048                  3      3384      0         0      17  186765       0
4096                  0       115      0         2       7   12451       0
8192                  0         2      0         2       2    3112       0
16384                 1       130      0         0       9    1556       0
32768                 0        15      0         0       6     778       0
131072                0         0      0         0      16      32       0


******* CPU 4 *******
By size           inuse     calls failed   delayed    free   hiwat   freed
64                   33     53196      0         5     287   99608       0
128                   6     46678      0         0     314   74706       0
256                   4      6095      0         2      60  149412       0
512                  29    274928      0         4      59  311275       0
1024                  9     49240      0        77     299   74706       0
2048                  8      4973      0        16      40  186765       0
4096                  1       682      0         9      20   12451       0
8192                  0       119      0        16      10    3112       0
16384                 0       239      0        19      19    1556       0
32768                 1        80      0        10       4     778       0
65536                 0        72      0         9       8     778       0
131072                0        32      0         0    1011    1945       0


******* CPU 5 *******
By size           inuse     calls failed   delayed    free   hiwat   freed
64                    0       217      0         1      64   99608       0
128                   0       161      0         0      32   74706       0
256                   0        92      0         1      32  149412       0
512                   2     19594      0         3      30  311275       0
1024                  0       237      0        11      44   74706       0
2048                  0        20      0         3       6  186765       0
4096                  0         1      0         0      10   12451       0
8192                  0         4      0         1      16    3112       0
16384                 0         5      0         0       8    1556       0
131072                0         0      0         0      16      32       0


******* CPU 6 *******
By size           inuse     calls failed   delayed    free   hiwat   freed
64                    0        17      0         1      64   99608       0
128                   0         8      0         0      32   74706       0
256                   0         6      0         0      16  149412       0
512                   0     15560      0         0       8  311275       0
1024                  0         8      0         1       4   74706       0
2048                  0         7      0         0       2  186765       0
4096                  0         0      0         0      26   12451       0
131072                0         0      0         0      16      32       0


******* CPU 7 *******
By size           inuse     calls failed   delayed    free   hiwat   freed
64                    0        17      0         1      64   99608       0
128                   0        12      0         0      32   74706       0
256                   0         2      0         0      16  149412       0
512                   0     15561      0         0      16  311275       0
1024                  0        11      0         1       4   74706       0
2048                  0         4      0         0       2  186765       0
4096                  0         0      0         0      25   12451       0
131072                0         0      0         0      16      32       0


******* CPU 8 *******
By size           inuse     calls failed   delayed    free   hiwat   freed
64                   12     32671      0         6     372   99608       0
128                   9     24357      0         1     343   74706       0
256                   9      3134      0         1      39  149412       0
512                  56  18534056      0         5      64  311275       0
1024                  5     24435      0        81     319   74706       0
2048                  6      4449      0        17      36  186765       0
4096                  1       408      0        11       2   12451       0
8192                  0        79      0         6      10    3112       0
16384                 2       264      0         3      20    1556       0
32768                 0        49      0         3       3     778       0
65536                 0        17      0         2       3     778       0
131072                0        16      0         0     995    1945       0


******* CPU 9 *******
By size           inuse     calls failed   delayed    free   hiwat   freed
64                    0       185      0         1      64   99608       0
128                   0       174      0         0      32   74706       0
256                   0        36      0         1      16  149412       0
512                   4     12281      0         2      28  311275       0
1024                  0       182      0         6      24   74706       0
2048                  0        10      0         2       4  186765       0
4096                  0         2      0         0      17   12451       0
131072                0         0      0         0      16      32       0


******* CPU 10 *******
By size           inuse     calls failed   delayed    free   hiwat   freed
64                    0         9      0         1      64   99608       0
128                   0         6      0         0      32   74706       0
256                   1         6      0         0      15  149412       0
512                   3      6998      0         0      13  311275       0
1024                  0         6      0         1       4   74706       0
2048                  0         1      0         0       2  186765       0
4096                  0         0      0         0      25   12451       0
16384                 1         5      0         0       7    1556       0
131072                0         0      0         0      16      32       0


******* CPU 11 *******
By size           inuse     calls failed   delayed    free   hiwat   freed
64                    0        15      0         1      64   99608       0
128                   0        12      0         0      32   74706       0
256                   0         3      0         0      16  149412       0
512                   2      6746      0         0      14  311275       0
1024                  0        12      0         2       8   74706       0
2048                  0         2      0         0       2  186765       0
4096                  0         0      0         0      24   12451       0
131072                0         0      0         0      16      32       0


******* CPU 12 *******
By size           inuse     calls failed   delayed    free   hiwat   freed
64                    3      2190      0         2     125   99608       0
128                   3      1976      0         0      93   74706       0
256                   0       133      0         2      48  149412       0
512                   2      8617      0         1      78  311275       0
1024                  3      2039      0        21      81   74706       0
2048                  1       145      0         3       9  186765       0
4096                  0        46      0         0      20   12451       0
8192                  0         8      0         3       6    3112       0
16384                 0        11      0         1      13    1556       0
32768                 0         2      0         1       4     778       0
131072                0         0      0         0      16      32       0


******* CPU 13 *******
By size           inuse     calls failed   delayed    free   hiwat   freed
64                    0       182      0         1      64   99608       0
128                   0       164      0         0      32   74706       0
256                   0        24      0         1      16  149412       0
512                   0      5845      0         1      48  311275       0
1024                  0       165      0         9      36   74706       0
2048                  0        13      0         1       4  186765       0
4096                  0        10      0         0      12   12451       0
8192                  0         4      0         2       4    3112       0
16384                 0         4      0         1       6    1556       0
131072                0         0      0         0      16      32       0


******* CPU 14 *******
By size           inuse     calls failed   delayed    free   hiwat   freed
64                    0         9      0         1      64   99608       0
128                   0         6      0         0      32   74706       0
256                   0        10      0         0      16  149412       0
512                   0      1674      0         0       8  311275       0
1024                  0         7      0         2       8   74706       0
2048                  0         1      0         0       2  186765       0
4096                  0         0      0         0      25   12451       0
16384                 0         5      0         0       8    1556       0
131072                0         0      0         0      16      32       0


******* CPU 15 *******
By size           inuse     calls failed   delayed    free   hiwat   freed
64                    0         4      0         1      64   99608       0
128                   0         4      0         0      32   74706       0
256                   0         1      0         0      16  149412       0
512                   0      1812      0         0       8  311275       0
1024                  0         4      0         1       4   74706       0
4096                  0         0      0         0      27   12451       0
131072                0         0      0         0      16      32       0


******* CPU 16 *******
By size           inuse     calls failed   delayed    free   hiwat   freed
64                  125    871454      0         7     387   99608       0
128                 731    489481      0        32     357   74706       0
256                2594    298852      0       245    1374  149412       0
512                3641  29240038      0       671    1807  311275       0
1024                 68    634463      0        86     332   74706       0
2048               1063    231951      0       774     515  186765       0
4096                 11     50433      0        14      19   12451       0
8192                  6      2468      0        18       7    3112       0
16384               195      2053      0        54     132    1556       0
32768                27       422      0        19      26     778       0
65536                90       452      0        79      58     778       0
131072                3        83      0         0      24      32       0


******* CPU 17 *******
By size           inuse     calls failed   delayed    free   hiwat   freed
64                    0      9524      0         1     128   99608       0
128                   0      6801      0         0      64   74706       0
256                   0      2729      0         0      32  149412       0
512                  18    619364      0         7      78  311275       0
1024                  0      7285      0        16      64   74706       0
2048                  0      2422      0        14      48  186765       0
4096                  0       898      0        13      16   12451       0
8192                  0        64      0         6       3    3112       0
16384                 0        52      0        10      16    1556       0
32768                 0        22      0         3       2     778       0
65536                 0        17      0         3       6     778       0
131072                0         3      0         0      17      32       0


******* CPU 18 *******
By size           inuse     calls failed   delayed    free   hiwat   freed
64                    0       360      0         0      64   99608       0
128                   0       191      0         0      64   74706       0
256                   1       301      0         1      31  149412       0
512                  12    508562      0         1      28  311275       0
1024                  0       218      0        14      56   74706       0
2048                  0       176      0         3      12  186765       0
4096                  0        56      0         2       6   12451       0
8192                  0         9      0         2       2    3112       0
16384                 0        12      0         0       6    1556       0
32768                 0         1      0         1       4     778       0
131072                0         0      0         0      16      32       0


******* CPU 19 *******
By size           inuse     calls failed   delayed    free   hiwat   freed
64                    0       331      0         0      64   99608       0
128                   0       160      0         0      64   74706       0
256                   2       226      0         1      30  149412       0
512                  13    481400      0         1      43  311275       0
1024                  0       173      0        11      44   74706       0
2048                  0       190      0         5      14  186765       0
4096                  0        14      0         1       4   12451       0
8192                  0         6      0         1       1    3112       0
16384                 1        25      0         0      10    1556       0
32768                 0         6      0         0       6     778       0
131072                0         0      0         0      16      32       0


******* CPU 20 *******
By size           inuse     calls failed   delayed    free   hiwat   freed
64                   76   1200573      0         5     308   99608       0
128                 148  13504945      0         8     332   74706       0
256                4183    434976      0       343    1337  149412       0
512                4199  37367094      0       730    1793  311275       0
1024                 43    751264      0        90     321   74706       0
2048               4123    311216      0      2314     511  186765       0
4096                  3     57769      0        14      12   12451       0
8192                  5      2193      0        17       6    3112       0
16384                10      3452      0        25     124    1556       0
32768                 2       429      0        10      28     778       0
65536                 0       368      0        31      57     778       0
131072                0        77      0         0     571    1128       0


******* CPU 21 *******
By size           inuse     calls failed   delayed    free   hiwat   freed
64                    0     14018      0         1     128   99608       0
128                   0      8375      0         0      96   74706       0
256                   9      3754      0         1      23  149412       0
512                  36   1027455      0         6     124  311275       0
1024                  0      9520      0        22      88   74706       0
2048                  1      4266      0        19      59  186765       0
4096                  1      1766      0        12      12   12451       0
8192                  3        33      0         3       3    3112       0
16384                 3        62      0         5      13    1556       0
32768                 1        22      0         1       4     778       0
65536                 0         4      0         1       1     778       0
131072                0         2      0         0      17      32       0


******* CPU 22 *******
By size           inuse     calls failed   delayed    free   hiwat   freed
64                    0       620      0         0      64   99608       0
128                   0       210      0         0      64   74706       0
256                   0       435      0         1      32  149412       0
512                  14    847747      0         0      42  311275       0
1024                  0       335      0        10      40   74706       0
2048                  0       401      0        10      22  186765       0
4096                  0        63      0         2       5   12451       0
8192                  0         8      0         1      13    3112       0
16384                 0        27      0         3      24    1556       0
32768                 0         6      0         0       8     778       0
131072                0         0      0         0      16      32       0


******* CPU 23 *******
By size           inuse     calls failed   delayed    free   hiwat   freed
64                    1       565      0         0      63   99608       0
128                   0       196      0         0      64   74706       0
256                   0       370      0         0      16  149412       0
512                  30    813755      0         0      34  311275       0
1024                  0       270      0         9      36   74706       0
2048                  1       362      0         8      17  186765       0
4096                  0        65      0         2      10   12451       0
16384                 0        14      0         1       6    1556       0
32768                 0         1      0         1       4     778       0
131072                0         0      0         0      16      32       0


******* CPU 24 *******
By size           inuse     calls failed   delayed    free   hiwat   freed
64                    1      1547      0         2     127   99608       0
128                   1      1394      0         0      95   74706       0
256                   0       115      0         2      32  149412       0
512                   0      7923      0         2     136  311275       0
1024                  1      1399      0        21      83   74706       0
2048                  0       135      0         4      14  186765       0
4096                  0        32      0         0      12   12451       0
8192                  0         5      0         1      16    3112       0
16384                 0         2      0         1       2    1556       0
32768                 0         2      0         1       3     778       0
131072                0         0      0         0      16      32       0


******* CPU 25 *******
By size           inuse     calls failed   delayed    free   hiwat   freed
64                    0       411      0         1      64   99608       0
128                   0       300      0         0      64   74706       0
256                   0         8      0         1      16  149412       0
512                   0      6744      0         3      56  311275       0
1024                  0       400      0        12      48   74706       0
2048                  0        10      0         0       6  186765       0
4096                  0         1      0         0       6   12451       0
16384                 0         1      0         1       8    1556       0
131072                0         0      0         0      16      32       0


******* CPU 26 *******
By size           inuse     calls failed   delayed    free   hiwat   freed
64                    0         5      0         0      64   99608       0
128                   0         2      0         0      32   74706       0
256                   0         4      0         0      16  149412       0
512                   0      3314      0         1      16  311275       0
1024                  0         2      0         1       4   74706       0
4096                  0         0      0         0      26   12451       0
131072                0         0      0         0      16      32       0


******* CPU 27 *******
By size           inuse     calls failed   delayed    free   hiwat   freed
64                    0         5      0         1      64   99608       0
128                   0         5      0         0      32   74706       0
512                   0      1549      0         0       8  311275       0
1024                  0         4      0         1       4   74706       0
2048                  0         1      0         0       2  186765       0
4096                  0         0      0         0      27   12451       0
131072                0         0      0         0      16      32       0


******* CPU 28 *******
By size           inuse     calls failed   delayed    free   hiwat   freed
64                   34     35575      0         6     350   99608       0
128                  16     32534      0         0     304   74706       0
256                  10      4399      0         3      70  149412       0
512                  36    162654      0         4      60  311275       0
1024                 24     34126      0        82     304   74706       0
2048                  7      3754      0        20      51  186765       0
4096                  1       276      0         5       3   12451       0
8192                  0        76      0         6       4    3112       0
16384                 0       155      0        10      19    1556       0
32768                 1        90      0        12      16     778       0
65536                 0        99      0        13      17     778       0
131072                0        22      0         0     981    1945       0


******* CPU 29 *******
By size           inuse     calls failed   delayed    free   hiwat   freed
64                    1       478      0         1     127   99608       0
128                   1       715      0         6     287   74706       0
256                   0      1333      0        80    1296  149412       0
512                   0     47583      0       216    1768  311275       0
1024                  1       463      0        24      95   74706       0
2048                  0       532      0       255     514  186765       0
4096                  0         4      0         0      14   12451       0
16384                 0       133      0        16     128    1556       0
32768                 0        13      0         4      16     778       0
65536                 0        33      0        17      34     778       0
131072                0         1      0         0    1095    1945       0


******* CPU 30 *******
By size           inuse     calls failed   delayed    free   hiwat   freed
64                    0        22      0         0      64   99608       0
128                   0        16      0         0      32   74706       0
256                   0         5      0         0      16  149412       0
512                   0     15253      0         0       8  311275       0
1024                  0        16      0         2       8   74706       0
2048                  0         4      0         0       2  186765       0
4096                  0         0      0         0      25   12451       0
131072                0         0      0         0      16      32       0


******* CPU 31 *******
By size           inuse     calls failed   delayed    free   hiwat   freed
64                    0        39      0         0      64   99608       0
128                   0        36      0         0      32   74706       0
256                   0        12      0         0      16  149412       0
512                   2     17445      0         0      14  311275       0
1024                  0        36      0         4      16   74706       0
2048                  0         1      0         0       2  186765       0
4096                  0         0      0         0      22   12451       0
16384                 0         5      0         0       8    1556       0
131072                0         0      0         0      16      32       0


******* CPU 32 *******
By size           inuse     calls failed   delayed    free   hiwat   freed
64                   19     42843      0         5     301   99608       0
128                   3     32785      0         3     413   74706       0
256                   5      5531      0        81    1339  149412       0
512                  15    209880      0       221    1801  311275       0
1024                  5     37935      0        80     315   74706       0
2048                  4      4744      0       254     512  186765       0
4096                  3      1370      0         7       8   12451       0
8192                  0        93      0         5       1    3112       0
16384                 0       481      0        24     128    1556       0
32768                 0       105      0         9      27     778       0
65536                 0       174      0        31      58     778       0
131072                0        24      0         0     974    1945       0


******* CPU 33 *******
By size           inuse     calls failed   delayed    free   hiwat   freed
64                    0       511      0         1     128   99608       0
128                   0       374      0         0      96   74706       0
256                   0        48      0         1      16  149412       0
512                   0     17372      0         1      24  311275       0
1024                  0       449      0        18      72   74706       0
2048                  0        60      0         6      16  186765       0
4096                  0        14      0         0       1   12451       0
16384                 0         9      0         1       7    1556       0
32768                 0         5      0         0       8     778       0
131072                0         0      0         0      16      32       0


******* CPU 34 *******
By size           inuse     calls failed   delayed    free   hiwat   freed
64                    0        38      0         0      64   99608       0
128                   0        22      0         0      32   74706       0
256                   0        21      0         0      16  149412       0
512                   0     15881      0         1      16  311275       0
1024                  0        29      0         4      16   74706       0
2048                  0         6      0         0       2  186765       0
4096                  0         0      0         0      22   12451       0
16384                 0        10      0         0       8    1556       0
131072                0         0      0         0      16      32       0


******* CPU 35 *******
By size           inuse     calls failed   delayed    free   hiwat   freed
64                    0        42      0         1      64   99608       0
128                   0        34      0         0      32   74706       0
256                   0         5      0         0      16  149412       0
512                   0     15671      0         0      16  311275       0
1024                  0        39      0         6      24   74706       0
2048                  0         1      0         0       2  186765       0
4096                  0         0      0         0      20   12451       0
8192                  0         2      0         1      16    3112       0
131072                0         0      0         0      16      32       0


******* CPU 36 *******
By size           inuse     calls failed   delayed    free   hiwat   freed
64                    3      1477      0         2     125   99608       0
128                   1      1324      0         0      95   74706       0
256                   0       138      0         2      32  149412       0
512                   2      6096      0         3      38  311275       0
1024                  2      1326      0        19      74   74706       0
2048                  1       119      0         2      11  186765       0
4096                  0        37      0         2       7   12451       0
8192                  0         2      0         1      10    3112       0
16384                 0         1      0         1       8    1556       0
131072                0         0      0         0      16      32       0


******* CPU 37 *******
By size           inuse     calls failed   delayed    free   hiwat   freed
64                    0       143      0         1      64   99608       0
128                   0       131      0         0      32   74706       0
256                   0        13      0         1      16  149412       0
512                   0      4816      0         3      32  311275       0
1024                  0       137      0         7      28   74706       0
2048                  0         6      0         2       4  186765       0
4096                  0         0      0         0      16   12451       0
131072                0         0      0         0      16      32       0


******* CPU 38 *******
By size           inuse     calls failed   delayed    free   hiwat   freed
64                    0         3      0         0      64   99608       0
128                   0         1      0         0      32   74706       0
256                   0         2      0         0      16  149412       0
512                   0      1360      0         0       8  311275       0
1024                  0         1      0         1       4   74706       0
2048                  0         1      0         0       2  186765       0
4096                  0         0      0         0      26   12451       0
131072                0         0      0         0      16      32       0


******* CPU 39 *******
By size           inuse     calls failed   delayed    free   hiwat   freed
64                    0         2      0         0      64   99608       0
256                   0         3      0         0      16  149412       0
512                   0      1540      0         0       8  311275       0
4096                  0         0      0         0      29   12451       0
131072                0         0      0         0      16      32       0


******* CPU 40 *******
By size           inuse     calls failed   delayed    free   hiwat   freed
64                    9     12957      0         5     311   99608       0
128                   7     12028      0         0     313   74706       0
256                   1      1451      0         8     143  149412       0
512                  13     58026      0        16     147  311275       0
1024                  7     12431      0        78     309   74706       0
2048                  2      1190      0        53     110  186765       0
4096                  0       115      0         4       5   12451       0
8192                  0        26      0         5       4    3112       0
16384                 0       112      0        20      38    1556       0
32768                 0        51      0         9       5     778       0
65536                 0        27      0         5       2     778       0
131072                0        28      0         0      21      32       0


******* CPU 41 *******
By size           inuse     calls failed   delayed    free   hiwat   freed
64                    2       617      0         2     126   99608       0
128                   2       615      0         0     126   74706       0
256                   0        14      0         1      16  149412       0
512                   1     10229      0         1      71  311275       0
1024                  2       617      0        25      98   74706       0
2048                  0         5      0         1       2  186765       0
4096                  0         4      0         0      22   12451       0
8192                  0         1      0         1       2    3112       0
16384                 0         1      0         1       7    1556       0
131072                0         0      0         0      16      32       0


******* CPU 42 *******
By size           inuse     calls failed   delayed    free   hiwat   freed
64                    0        10      0         1      64   99608       0
128                   0         8      0         0      32   74706       0
256                   0         4      0         0      16  149412       0
512                   0      6153      0         2      24  311275       0
1024                  0         7      0         2       8   74706       0
2048                  0         2      0         0       2  186765       0
4096                  0         0      0         0      23   12451       0
131072                0         0      0         0      16      32       0


******* CPU 43 *******
By size           inuse     calls failed   delayed    free   hiwat   freed
64                    0        34      0         1      64   99608       0
128                   0        29      0         0      32   74706       0
256                   0         2      0         0      16  149412       0
512                   0      6078      0         1      16  311275       0
1024                  0        29      0         4      16   74706       0
2048                  0         4      0         0       2  186765       0
4096                  0         0      0         0      22   12451       0
131072                0         0      0         0      16      32       0


******* CPU 44 *******
By size           inuse     calls failed   delayed    free   hiwat   freed
64                    7     14073      0         5     313   99608       0
128                   3     10001      0         0     285   74706       0
256                   2       777      0         1      30  149412       0
512                   6     57433      0         6      58  311275       0
1024                  4     12656      0        65     256   74706       0
2048                  3      1177      0        18      41  186765       0
4096                  0       347      0         8       3   12451       0
8192                  0        42      0         5       3    3112       0
16384                 0        71      0         6      18    1556       0
32768                 0        20      0         2       4     778       0
65536                 0        16      0         3       6     778       0
131072                0        11      0         0      18      32       0


******* CPU 45 *******
By size           inuse     calls failed   delayed    free   hiwat   freed
64                    0       577      0         1      64   99608       0
128                   0       320      0         0      64   74706       0
256                   0        47      0         2      32  149412       0
512                   0      7285      0         5      56  311275       0
1024                  0       455      0        10      40   74706       0
2048                  0        68      0         1       6  186765       0
4096                  0        62      0         0       7   12451       0
8192                  0         8      0         1      16    3112       0
16384                 0         7      0         1       8    1556       0
131072                0         0      0         0      16      32       0


******* CPU 46 *******
By size           inuse     calls failed   delayed    free   hiwat   freed
64                    0        31      0         1      64   99608       0
128                   0        28      0         0      32   74706       0
256                   0         3      0         0      16  149412       0
512                   0      5237      0         0       8  311275       0
1024                  0        29      0         4      16   74706       0
2048                  0         3      0         1       2  186765       0
4096                  0         0      0         0      23   12451       0
131072                0         0      0         0      16      32       0


******* CPU 47 *******
By size           inuse     calls failed   delayed    free   hiwat   freed
64                    0        27      0         1      64   99608       0
128                   0        24      0         0      32   74706       0
256                   0        21      0         0      16  149412       0
512                   0      5392      0         1      24  311275       0
1024                  0        24      0         5      20   74706       0
2048                  0         3      0         0       2  186765       0
4096                  0         1      0         0      20   12451       0
8192                  0         8      0         1      16    3112       0
16384                 0         6      0         1       8    1556       0
131072                0         0      0         0      16      32       0

Streams mblk statistic failures:
0 high priority mblk failures
0 medium priority mblk failures
0 low priority mblk failures
==== EXITED with rc 0 ====
==== END netstat -m Mon Jul  6 23:43:39 GST 2015 ====
