==== This output can be found in Systems/dx975/network/netstat-m.txt ====
==== START netstat -m Tue Jul  7 12:50:27 CDT 2015 ====

Kernel malloc statistics:

******* CPU 0 *******
By size           inuse     calls failed   delayed    free   hiwat   freed
64                  180    383721      0         2     268    6984       0
128                2242    146858      0       165    3070    5238       0
256               19477    583888      0      2917   10475   10476    1046
512               20916 1806327657      0      4594   15860   21825       0
1024                329    183888      0        94      51    5238       0
2048               4124   1239403      0      4103    4100   13095       0
4096                 56     32795      0         7     143     873       0
8192                 13    564220      0        12      17     218       0
16384              2048     46107      0      2527     119     109   15458
32768               259      2418      0       352     153      54     994
65536               162      2570      0       279     118      54     382
131072                4      7931      0         0     136     136    1622


******* CPU 1 *******
By size           inuse     calls failed   delayed    free   hiwat   freed
64                    6       431      0         0      58    6984       0
128                   6        45      0         0      26    5238       0
256                   0       464      0         0      16   10476       0
512                   4 1528569465      0         0     460   21825       0
1024                  6       110      0         4      18    5238       0
2048                  0       954      0         0      76   13095       0
4096                  0        26      0         2       5     873       0
8192                  0       202      0         0       9     218       0
16384                 0         7      0         1       8     109       0
131072                0         8      0         0      17      32       0


******* CPU 2 *******
By size           inuse     calls failed   delayed    free   hiwat   freed
64                   20       336      0         0      44    6984       0
128                   1         6      0         0      31    5238       0
256                   0       300      0         0      16   10476       0
512                   0 1412267335      0         0     184   21825       0
1024                  0         3      0         0       4    5238       0
2048                  1       569      0         0      91   13095       0
4096                  0         0      0         0      23     873       0
65536                 0         1      0         0       2      54       0
131072                0         0      0         0      16      32       0


******* CPU 3 *******
By size           inuse     calls failed   delayed    free   hiwat   freed
64                    0       343      0         0      64    6984       0
128                   0         7      0         0      32    5238       0
256                   0       318      0         0      16   10476       0
512                   0 1306622634      0         0     400   21825       0
1024                  0        15      0         0       8    5238       0
2048                  0       864      0         0     384   13095       0
4096                  0         0      0         0       9     873       0
8192                  0         2      0         0      16     218       0
131072                0         0      0         0      16      32       0


******* CPU 4 *******
By size           inuse     calls failed   delayed    free   hiwat   freed
64                  110    354249      0         3     274    6984       0
128               13479    170867      0       514    3065    5238       0
256               81878    740618      0      7437   10458   10476    1668
512               89437 1782472791      0     13202   16283   21825       0
1024                116    182600      0        50     128    5238       0
2048              20492   1276366      0     12280    4102   13095       0
4096                 24     31971      0         0     141     873       0
8192                 16    569691      0         7       4     218       0
16384             10241     65045      0      4739     117     109   24768
32768              1289      5611      0       981     109      54    2374
65536               805      4819      0      1047      66      54    1188
131072               10      7968      0         0     136     136    3195


******* CPU 5 *******
By size           inuse     calls failed   delayed    free   hiwat   freed
64                    1       375      0         0      63    6984       0
128                   1        51      0         0      31    5238       0
256                   0       443      0         0      16   10476       0
512                   3 1524540389      0         0     149   21825       0
1024                  0       101      0         0       4    5238       0
2048                  1      1723      0         0      67   13095       0
4096                  0        14      0         2       5     873       0
8192                  0       242      0         0       1     218       0
16384                 0         6      0         1       8     109       0
131072                0         8      0         0      17      32       0


******* CPU 6 *******
By size           inuse     calls failed   delayed    free   hiwat   freed
64                    0       339      0         0      64    6984       0
128                   0         5      0         0      32    5238       0
256                   0       324      0         0      16   10476       0
512                   0 1407761481      0         0     208   21825       0
1024                  0         9      0         0       4    5238       0
2048                  0       344      0         0      64   13095       0
4096                  0         0      0         0       2     873       0
8192                  0         1      0         1       8     218       0
16384                 0         1      0         1       4     109       0
65536                 0         1      0         0       0      54       0
131072                0         0      0         0      16      32       0


******* CPU 7 *******
By size           inuse     calls failed   delayed    free   hiwat   freed
64                    0       334      0         0      64    6984       0
128                   0         8      0         0      32    5238       0
256                   0       315      0         0      16   10476       0
512                   0 1301407964      0         0     224   21825       0
1024                  0         9      0         0       4    5238       0
2048                  0       379      0         0      54   13095       0
4096                  0         0      0         0       5     873       0
65536                 0         1      0         0       2      54       0
131072                0         0      0         0      16      32       0


******* CPU 8 *******
By size           inuse     calls failed   delayed    free   hiwat   freed
64                   66    350908      0         2     254    6984       0
128                  41    147679      0        96    3063    5238       0
256                  19    582223      0      2291   10461   10476    1637
512                1363 1744351887      0      1854   15325   21825       0
1024                 65    179429      0        35      83    5238       0
2048                  6   1168602      0      2053    4102   13095       0
4096                  3     31740      0         0     141     873       0
8192                  0    524881      0         5       3     218       0
16384                 0     51043      0      3014     141     109   22202
32768                 0      3256      0       579      56      54    1966
65536                 0      3105      0       452      73      54     888
131072                0      8033      0         0     136     136    2778


******* CPU 9 *******
By size           inuse     calls failed   delayed    free   hiwat   freed
64                    0       411      0         0      64    6984       0
128                   0        58      0         0      32    5238       0
256                   0       517      0         0      16   10476       0
512                 237 1528384034      0         0     187   21825       0
1024                  0       102      0         2       8    5238       0
2048                  0      2129      0         0     410   13095       0
4096                  0        25      0         0      25     873       0
8192                  0       265      0         0      16     218       0
16384                 0         6      0         1       8     109       0
131072                0        15      0         0      17      32       0


******* CPU 10 *******
By size           inuse     calls failed   delayed    free   hiwat   freed
64                    0       312      0         0      64    6984       0
128                   0         9      0         0      32    5238       0
256                   0       304      0         0      16   10476       0
512                 232 1406994726      0         0      72   21825       0
1024                  0        11      0         0       4    5238       0
2048                  0       836      0         0     140   13095       0
4096                  0         0      0         0      16     873       0
8192                  0         2      0         0       0     218       0
131072                0         0      0         0      16      32       0


******* CPU 11 *******
By size           inuse     calls failed   delayed    free   hiwat   freed
64                    0       324      0         0      64    6984       0
128                   0         5      0         0      32    5238       0
256                   0       308      0         0      16   10476       0
512                   0 1296692012      0         0     440   21825       0
1024                  0         5      0         0       4    5238       0
2048                  0       322      0         0      52   13095       0
4096                  0         0      0         0      11     873       0
8192                  0         1      0         0       0     218       0
131072                0         0      0         0      16      32       0


******* CPU 12 *******
By size           inuse     calls failed   delayed    free   hiwat   freed
64                   72    357309      0         1     248    6984       0
128                  41    151495      0        80    2583    5238       0
256                  14    675813      0      2092   10466   10476    1440
512                1430 1728610483      0      1701   15122   21825       0
1024                 66    177681      0        17      22    5238       0
2048                  3   1183530      0      2017    4101   13095       0
4096                  1     31704      0         6     150     873       0
8192                  1    526865      0         3       7     218       0
16384                 0     52779      0      3199     137     109   23190
32768                 0      3288      0       520      76      54    1932
65536                 0      3444      0       470      74      54     836
131072                0      7946      0         0     136     136    2744


******* CPU 13 *******
By size           inuse     calls failed   delayed    free   hiwat   freed
64                    1       455      0         0      63    6984       0
128                   0        59      0         0      32    5238       0
256                   0       502      0         0      16   10476       0
512                   7 1524979345      0         0     225   21825       0
1024                  0        85      0         1       4    5238       0
2048                  0       929      0         0      38   13095       0
4096                  0        19      0         0      12     873       0
8192                  0       288      0         0      16     218       0
16384                 0         6      0         1       8     109       0
131072                0         7      0         0      16      32       0


******* CPU 14 *******
By size           inuse     calls failed   delayed    free   hiwat   freed
64                    0       374      0         0      64    6984       0
128                   0         8      0         0      32    5238       0
256                   0       349      0         0      16   10476       0
512                   0 1410907224      0         0     296   21825       0
1024                  0        21      0         1       8    5238       0
2048                  0       807      0         0      96   13095       0
4096                  0         4      0         0       6     873       0
131072                0         0      0         0      16      32       0


******* CPU 15 *******
By size           inuse     calls failed   delayed    free   hiwat   freed
64                    0       322      0         0      64    6984       0
128                   0         7      0         0      32    5238       0
256                   0       295      0         0      16   10476       0
512                   0 1302892499      0         0     200   21825       0
1024                  0        35      0         0      12    5238       0
2048                  0       689      0         0     148   13095       0
4096                  0         4      0         0      23     873       0
8192                  0         1      0         0      16     218       0
131072                0         0      0         0      16      32       0


******* CPU 16 *******
By size           inuse     calls failed   delayed    free   hiwat   freed
64                   84    365373      0         4     300    6984       0
128                  69    138540      0        81    2587    5238       0
256                  13    495569      0      1345   10467   10476     692
512                1413 1779327532      0      1938   15307   21825       0
1024                 79    184579      0        38      77    5238       0
2048                  9   1171202      0      2058    4107   13095       0
4096                  3     31772      0         1     142     873       0
8192                  2    534607      0         3       4     218       0
16384                 1     42396      0      2025     123     109   14538
32768                 0      2287      0       403      90      54    1446
65536                 0      2160      0       302      82      54     552
131072                0      8121      0         0     136     136    1749


******* CPU 17 *******
By size           inuse     calls failed   delayed    free   hiwat   freed
64                    2       406      0         0      62    6984       0
128                   1       331      0         9     319    5238       0
256                   0       465      0         0      16   10476       0
512                   3 1522093944      0         0     461   21825       0
1024                  1        55      0         0       3    5238       0
2048                  0       770      0         0      58   13095       0
4096                  0        12      0         2       4     873       0
8192                  0       274      0         0      12     218       0
16384                 0         6      0         1       4     109       0
65536                 0        33      0        17      33      54       0
131072                0         6      0         0      68     136       0


******* CPU 18 *******
By size           inuse     calls failed   delayed    free   hiwat   freed
64                    1       327      0         0      63    6984       0
128                   0        16      0         0      32    5238       0
256                   0       348      0         0      16   10476       0
512                   0 1404844681      0         0     248   21825       0
1024                  0        11      0         0       4    5238       0
2048                  0      1050      0         0     236   13095       0
4096                  0         2      0         0       7     873       0
65536                 0         1      0         0       2      54       0
131072                0         0      0         0      16      32       0


******* CPU 19 *******
By size           inuse     calls failed   delayed    free   hiwat   freed
64                    1       322      0         0      63    6984       0
128                   0         5      0         0      32    5238       0
256                   0       296      0         0      16   10476       0
512                   0 1297502696      0         0     208   21825       0
1024                  0         2      0         0       4    5238       0
2048                  0       345      0         0      34   13095       0
4096                  0         0      0         0      17     873       0
65536                 0         1      0         0       2      54       0
131072                0         0      0         0      16      32       0


******* CPU 20 *******
By size           inuse     calls failed   delayed    free   hiwat   freed
64                   85    344187      0         1     107    6984       0
128                  75    143637      0        81    2549    5238       0
256                  14    479472      0      1603   10466   10476     951
512                1401 1740946835      0      1804   15607   21825       0
1024                 77    179804      0        27      39    5238       0
2048                 12    918366      0      1995    4108   13095       0
4096                  3     31925      0         4     142     873       0
8192                  2    409801      0         4       4     218       0
16384                 0     41465      0      1768     132     109   13554
32768                 0      2021      0       327     121      54    1178
65536                 0      2454      0       318     107      54     612
131072                0      8249      0         0     136     136    1761


******* CPU 21 *******
By size           inuse     calls failed   delayed    free   hiwat   freed
64                    1       415      0         0      63    6984       0
128                   0        98      0         0      32    5238       0
256                   0      6694      0       383    6144   10476       0
512                   1 1526915033      0       720    6159   21825       0
1024                  0       102      0         0       8    5238       0
2048                  0       710      0         0      26   13095       0
4096                  0        21      0         3      19     873       0
8192                  0       226      0         0       1     218       0
16384                 0         2      0         1       0     109       0
32768                 0         3      0         3       3      54       0
131072                0        11      0         0      16      32       0


******* CPU 22 *******
By size           inuse     calls failed   delayed    free   hiwat   freed
64                    0       313      0         0      64    6984       0
128                   0         9      0         0      32    5238       0
256                   0       296      0         0      16   10476       0
512                   0 1409716787      0         0     368   21825       0
1024                  0        18      0         0       4    5238       0
2048                  0       741      0         0     176   13095       0
4096                  0         0      0         0      22     873       0
8192                  0         1      0         0       0     218       0
65536                 0         2      0         0       2      54       0
131072                0         0      0         0      16      32       0


******* CPU 23 *******
By size           inuse     calls failed   delayed    free   hiwat   freed
64                    0       306      0         0      64    6984       0
128                   0         9      0         0      32    5238       0
256                   0       286      0         0      16   10476       0
512                   0 1295083773      0         0     232   21825       0
1024                  0         6      0         0       4    5238       0
2048                  0       275      0         0      62   13095       0
131072                0         0      0         0      16      32       0

Streams mblk statistic failures:
0 high priority mblk failures
0 medium priority mblk failures
0 low priority mblk failures
==== EXITED with rc 0 ====
==== END netstat -m Tue Jul  7 12:50:27 CDT 2015 ====
