==== This output can be found in Systems/dx986/perf/sar-^P_ALL_5_3.txt ====
==== START sar -P ALL 5 3 Tue Jul  7 00:49:29 GST 2015 ====

AIX DX986 1 7 00F92EEC4C00    07/07/15

System configuration: lcpu=32 ent=3.60 mode=Uncapped 

00:49:29 cpu    %usr    %sys    %wio   %idle   physc   %entc
00:49:34  0       62      36       1       0    0.36    10.1
          1        0       3       0      97    0.07     2.0
          2        0       2       0      98    0.07     2.0
          3        0       2       0      98    0.07     2.0
          4       63      36       1       0    0.09     2.6
          5        0       3       0      97    0.07     2.0
          6        0       3       0      97    0.07     1.9
          7        0       3       0      97    0.07     1.9
          8       63      36       0       0    0.40    11.2
          9        3       4       0      92    0.08     2.2
          10        0       2       0      98    0.08     2.1
          11        0       2       0      98    0.08     2.1
          12        0      40       0      60    0.00     0.0
          13        0       0       0     100    0.00     0.0
          14        0       0       0     100    0.00     0.0
          15        0       0       0     100    0.00     0.0
          16       65      34       0       0    0.26     7.2
          17        0       2       0      98    0.07     2.0
          18        0       2       0      98    0.07     2.0
          19        0       2       0      98    0.07     2.0
          20        0      42       0      58    0.00     0.0
          21        0       5       0      95    0.00     0.0
          22        0       5       0      95    0.00     0.0
          23        0       5       0      95    0.00     0.0
          24       70      30       0       0    0.08     2.2
          25        0       1       0      99    0.03     0.8
          26        0       1       0      99    0.03     0.8
          27        0       1       0      99    0.03     0.8
          28        0      81       0      19    0.00     0.1
          29        0       0       0     100    0.00     0.1
          30        0       0       0     100    0.00     0.1
          31        0       0       0     100    0.00     0.1
          U        -       -       2      46    1.44    39.9
          -       21      12       2      65    2.16    60.1
00:49:39  0       62      36       1       0    0.38    10.6
          1        0       4       1      96    0.08     2.1
          2        0       3       0      97    0.08     2.1
          3        2       4       0      94    0.08     2.2
          4       86      13       1       1    0.03     0.9
          5        0       2       0      98    0.00     0.1
          6        0       2       0      98    0.00     0.1
          7        0       2       0      98    0.00     0.1
          8       62      38       0       0    0.53    14.8
          9        0       3       0      97    0.10     2.8
          10        0       3       0      97    0.10     2.7
          11        0       3       0      97    0.10     2.7
          12       51      44       2       3    0.01     0.3
          13        0       9       0      91    0.00     0.1
          14        0       8       0      92    0.00     0.1
          15        0       7       0      93    0.00     0.1
          16       55      39       0       6    0.01     0.4
          17        0       4       0      96    0.00     0.1
          18        0       4       0      96    0.00     0.1
          19        0       3       0      97    0.00     0.1
          20        0      47       0      53    0.00     0.0
          21        0      31       0      69    0.00     0.0
          22        0      29       0      71    0.00     0.0
          23        0      25       0      75    0.00     0.0
          24       47      46       0       7    0.01     0.2
          25        0      10       0      90    0.00     0.0
          26        0      10       0      90    0.00     0.0
          27        0       9       0      91    0.00     0.0
          28        0      81       0      19    0.00     0.1
          29        0       0       0     100    0.00     0.1
          30        0       0       0     100    0.00     0.1
          31        0       0       0     100    0.00     0.1
          U        -       -       1      74    2.05    56.9
          -       10       6       1      83    1.55    43.1
00:49:44  0       58      41       1       0    0.34     9.4
          1        5       3       1      91    0.07     1.9
          2        0       2       0      98    0.06     1.8
          3        0       2       0      98    0.06     1.8
          4       45      49       0       6    0.00     0.1
          5        0       3       0      97    0.00     0.0
          6        0       3       0      97    0.00     0.0
          7        0       3       0      97    0.00     0.0
          8       61      39       0       0    0.48    13.3
          9        0       2       0      98    0.09     2.5
          10        0       2       0      98    0.09     2.4
          11        0       2       0      98    0.09     2.4
          12       62      37       0       1    0.01     0.3
          13        0       2       0      98    0.00     0.1
          14        0       2       0      98    0.00     0.1
          15        0       2       0      98    0.00     0.1
          16       43      51       0       6    0.00     0.1
          17        0       3       0      97    0.00     0.0
          18        0       3       0      97    0.00     0.0
          19        0       3       0      97    0.00     0.0
          20        0      40       0      60    0.00     0.0
          21        0       4       0      96    0.00     0.0
          22        0       5       0      95    0.00     0.0
          23        0      12       0      88    0.00     0.0
          24       63      37       0       0    0.03     0.8
          25        0       1       0      99    0.01     0.2
          26        0       1       0      99    0.01     0.2
          27        0       1       0      99    0.01     0.2
          28        0      81       0      19    0.00     0.1
          29        0       0       0     100    0.00     0.1
          30        0       0       0     100    0.00     0.1
          31        0       0       0     100    0.00     0.1
          U        -       -       1      67    2.23    62.0
          -       12       8       1      78    1.37    38.0

Average   0       61      38       1       0    0.36    10.0
          1        2       3       1      95    0.07     2.0
          2        0       3       0      97    0.07     2.0
          3        1       3       0      96    0.07     2.0
          4       68      30       1       0    0.04     1.2
          5        0       3       0      97    0.01     0.3
          6        0       3       0      97    0.01     0.3
          7        0       3       0      97    0.01     0.3
          8       62      38       0       0    0.47    13.1
          9        1       3       0      96    0.09     2.5
          10        0       2       0      98    0.09     2.4
          11        0       2       0      98    0.09     2.4
          12       56      41       1       2    0.01     0.2
          13        0       6       0      94    0.00     0.0
          14        0       5       0      95    0.00     0.0
          15        0       5       0      95    0.00     0.0
          16       65      34       0       1    0.09     2.6
          17        0       3       0      97    0.02     0.5
          18        0       2       0      98    0.02     0.5
          19        0       2       0      98    0.02     0.5
          20        0      44       0      56    0.00     0.0
          21        0      16       0      84    0.00     0.0
          22        0      17       0      83    0.00     0.0
          23        0      17       0      83    0.00     0.0
          24       67      33       0       1    0.04     1.0
          25        0       2       0      98    0.01     0.2
          26        0       2       0      98    0.01     0.2
          27        0       2       0      98    0.01     0.2
          28        0      81       0      19    0.00     0.1
          29        0       0       0     100    0.00     0.1
          30        0       0       0     100    0.00     0.1
          31        0       0       0     100    0.00     0.1
          U        -       -       1      65    1.99    55.2
          -       13       8       1      77    1.61    44.8
==== EXITED with rc 0 ====
==== END sar -P ALL 5 3 Tue Jul  7 00:49:44 GST 2015 ====
