==== This output can be found in Systems/dx1010/network/netstat-m.txt ====
==== START netstat -m Tue Jul  7 13:19:08 CDT 2015 ====

Kernel malloc statistics:

******* CPU 0 *******
By size           inuse     calls failed   delayed    free   hiwat   freed
64                  160    385332      0         1     160    6984       0
128                3258    111552      0       198    3078    5238       0
256               23469    370800      0      2125   10467   10476       4
512               23602 1099841401      0      5025   16638   21825       0
1024                340    150881      0        84      12    5238       0
2048               4125   1143884      0      4103    4101   13095       0
4096                 59     34898      0         6       6     873       0
8192                 13    441672      0         3       1     218       0
16384              1024     31680      0      1239     116     109    7596
32768               135      1227      0       144     119      54     334
65536               129     13250      0       208      97      54     264
131072                4      9258      0         0     136     136     538


******* CPU 1 *******
By size           inuse     calls failed   delayed    free   hiwat   freed
64                    5       448      0         1      59    6984       0
128                   2       110      0         0      30    5238       0
256                   0       476      0         0      16   10476       0
512                  29 983760230      0         2    1195   21825       0
1024                  3       316      0         4      17    5238       0
2048                  1     26533      0         2    1215   13095       0
4096                  0       113      0         0      31     873       0
8192                  0       417      0         0       8     218       0
16384                 0        23      0         2       4     109       0
32768                 0         3      0         0       2      54       0
65536                 0     11403      0         0      23      54       0
131072                0        23      0         0      17      32       0


******* CPU 2 *******
By size           inuse     calls failed   delayed    free   hiwat   freed
64                    0        40      0         0      64    6984       0
128                   0         2      0         0      32    5238       0
256                   0        51      0         0      16   10476       0
512                   0 903763475      0         0    1264   21825       0
1024                  0        65      0         0      36    5238       0
2048                  0     19448      0         0    1260   13095       0
8192                  0         5      0         0       4     218       0
32768                 0         2      0         0       1      54       0
65536                 0     10860      0         0      17      54       0
131072                0         0      0         0      16      32       0


******* CPU 3 *******
By size           inuse     calls failed   delayed    free   hiwat   freed
64                    1        54      0         0      63    6984       0
128                   0         2      0         0      32    5238       0
256                   0        59      0         0      16   10476       0
512                   1 833175122      0         0    1231   21825       0
1024                  0       106      0         0      60    5238       0
2048                  0     19576      0         0    1230   13095       0
4096                  0         0      0         0      13     873       0
32768                 0         7      0         0       2      54       0
65536                 0      9700      0         0      15      54       0
131072                0         0      0         0      16      32       0


******* CPU 4 *******
By size           inuse     calls failed   delayed    free   hiwat   freed
64                   75    358457      0         2     117    6984       0
128               13386    111039      0       497    2582    5238       0
256               58492    320607      0      4308   10468   10476       1
512               74434 1090602697      0     10813   13806   21825       0
1024                 98    148104      0        31      26    5238       0
2048              20493   1167038      0     12296    4105   13095       0
4096                 27     34459      0         9       3     873       0
8192                 13    456373      0         2       4     218       0
16384              5121     30718      0      1077     112     109    2906
32768               648      1218      0       257      94      54     248
65536               640     14666      0       417      60      54     130
131072               10      9416      0         0     136     136     193


******* CPU 5 *******
By size           inuse     calls failed   delayed    free   hiwat   freed
64                    0       295      0         0      64    6984       0
128                   0        62      0         0      32    5238       0
256                   0       410      0         0      16   10476       0
512                   8 985331215      0         0    1880   21825       0
1024                  0       451      0         1     168    5238       0
2048                  0     29177      0         0    1888   13095       0
4096                  0        62      0         0       1     873       0
8192                  0       410      0         0      11     218       0
16384                 0        15      0         1       4     109       0
32768                 0         1      0         0       0      54       0
65536                 0     11603      0         0      25      54       0
131072                0        12      0         0      16      32       0


******* CPU 6 *******
By size           inuse     calls failed   delayed    free   hiwat   freed
64                    0        58      0         0      64    6984       0
128                   0         8      0         0      32    5238       0
256                   0        57      0         0      16   10476       0
512                   0 901401255      0         0    1856   21825       0
1024                  0        77      0         0      36    5238       0
2048                  0     27825      0         0    1856   13095       0
4096                  0         0      0         0      12     873       0
8192                  0         1      0         0       4     218       0
32768                 0         3      0         0       1      54       0
65536                 0     10855      0         0      15      54       0
131072                0         0      0         0      16      32       0


******* CPU 7 *******
By size           inuse     calls failed   delayed    free   hiwat   freed
64                    0        49      0         0      64    6984       0
128                   0         7      0         0      32    5238       0
256                   0        53      0         0      16   10476       0
512                   0 826342210      0         0    2856   21825       0
1024                  0        44      0         0      16    5238       0
2048                  0     27453      0         0    2848   13095       0
4096                  0         0      0         0       4     873       0
32768                 0         1      0         0       2      54       0
65536                 0      9713      0         0      15      54       0
131072                0         0      0         0      16      32       0


******* CPU 8 *******
By size           inuse     calls failed   delayed    free   hiwat   freed
64                   49    362859      0         1     143    6984       0
128                 130    102154      0        99    3102    5238       0
256                6152    319723      0      1037   10456   10476       2
512                5555 1090898017      0      2194   13813   21825       0
1024                 42    152140      0        26     218    5238       0
2048                  5   1099937      0      1050    4097   13095       0
4096                  3     34528      0         4       2     873       0
8192                  0    431559      0         0       4     218       0
16384                 0     27988      0       704     109     109    5310
32768                 3       820      0       134      89      54     404
65536                 0     13485      0       159      83      54     294
131072                0      9526      0         0     128     136     415


******* CPU 9 *******
By size           inuse     calls failed   delayed    free   hiwat   freed
64                    1       248      0         1      63    6984       0
128                   2        90      0         0      30    5238       0
256                   0       448      0         1      16   10476       0
512                  33 983891875      0         0    2127   21825       0
1024                  0       278      0         2      12    5238       0
2048                  0     33586      0         1    2158   13095       0
4096                  0       101      0         0      21     873       0
8192                  0       436      0         0       8     218       0
16384                 0        26      0         1       4     109       0
32768                 0         1      0         0       2      54       0
65536                 0     11626      0         0      15      54       0
131072                0        20      0         0      17      32       0


******* CPU 10 *******
By size           inuse     calls failed   delayed    free   hiwat   freed
64                    0        30      0         0      64    6984       0
128                   0         2      0         0      32    5238       0
256                   0        38      0         0      16   10476       0
512                   0 902137529      0         0    1792   21825       0
1024                  0       203      0         0     136    5238       0
2048                  0     25298      0         0    1784   13095       0
4096                  0         0      0         0      15     873       0
65536                 0     10910      0         0      27      54       0
131072                0         0      0         0      16      32       0


******* CPU 11 *******
By size           inuse     calls failed   delayed    free   hiwat   freed
64                    0        47      0         0      64    6984       0
128                   0         7      0         0      32    5238       0
256                   0        44      0         0      16   10476       0
512                   0 829470212      0         0    1728   21825       0
1024                  0        34      0         0       8    5238       0
2048                  0     17086      0         0    1728   13095       0
4096                  0         0      0         0       3     873       0
32768                 0         3      0         0       2      54       0
65536                 0      9590      0         0      17      54       0
131072                0         0      0         0      16      32       0


******* CPU 12 *******
By size           inuse     calls failed   delayed    free   hiwat   freed
64                   36    357013      0         1     156    6984       0
128                  24    107533      0        80    2600    5238       0
256                  16    322049      0       651   10464   10476       3
512                1416 1114418983      0      1495   13904   21825       0
1024                 38    147612      0        28      82    5238       0
2048                  5   1115166      0      2053    4101   13095       0
4096                  3     34561      0         2       5     873       0
8192                  1    434041      0        10       8     218       0
16384                 1     26913      0       654     108     109    4194
32768                 0       700      0        94     106      54     276
65536                 0     12710      0       161     116      54     264
131072                0      9326      0         0     136     136     300


******* CPU 13 *******
By size           inuse     calls failed   delayed    free   hiwat   freed
64                    1       260      0         1      63    6984       0
128                   1        93      0         0      31    5238       0
256                   0       524      0         1      16   10476       0
512                  31 983996064      0         1    2361   21825       0
1024                  0       356      0         2      68    5238       0
2048                  1     20996      0         1    2383   13095       0
4096                  0        84      0         0       1     873       0
8192                  0       450      0         1      12     218       0
16384                 0        26      0         1       4     109       0
32768                 0         4      0         0       2      54       0
65536                 0     11909      0         0      12      54       0
131072                0        34      0         0      17      32       0


******* CPU 14 *******
By size           inuse     calls failed   delayed    free   hiwat   freed
64                    0        45      0         0      64    6984       0
128                   0         4      0         0      32    5238       0
256                   0        42      0         0      16   10476       0
512                   0 904079150      0         0    2536   21825       0
1024                  0        79      0         0      36    5238       0
2048                  0     21203      0         0    2494   13095       0
4096                  0         0      0         0      24     873       0
8192                  0         1      0         0       8     218       0
32768                 0         2      0         0       2      54       0
65536                 0     10417      0         0      16      54       0
131072                0         0      0         0      16      32       0


******* CPU 15 *******
By size           inuse     calls failed   delayed    free   hiwat   freed
64                    3        67      0         0      61    6984       0
128                   0         6      0         0      32    5238       0
256                   0        74      0         0      16   10476       0
512                   0 832291526      0         0    2368   21825       0
1024                  0        87      0         0      44    5238       0
2048                  0     21617      0         0    2288   13095       0
4096                  0         0      0         0      18     873       0
32768                 0         1      0         0       0      54       0
65536                 0      9733      0         0      32      54       0
131072                0         0      0         0      16      32       0


******* CPU 16 *******
By size           inuse     calls failed   delayed    free   hiwat   freed
64                   60    357442      0         2      68    6984       0
128                  30    107467      0        95    3074    5238       0
256                   8    306619      0       655   10456   10476       2
512                1412 1115783139      0      1438   14396   21825       0
1024                 48    148640      0        16      20    5238       0
2048                  1   1114506      0      2046    4099   13095       0
4096                  0     34545      0         7       8     873       0
8192                  0    433402      0         5       4     218       0
16384                 0     27484      0       827     109     109    4816
32768                 0       692      0       106      52      54     340
65536                 0     13345      0       157      46      54     304
131072                0      9429      0         0     136     136     345


******* CPU 17 *******
By size           inuse     calls failed   delayed    free   hiwat   freed
64                    7       249      0         1      57    6984       0
128                   4      1860      0        55    1788    5238       0
256                   0      7635      0       450    7216   10476       0
512                  32 985199750      0      1084   10496   21825       0
1024                  5       425      0         1      63    5238       0
2048                  2     25739      0       129    2092   13095       0
4096                  0        83      0         0      16     873       0
8192                  0       461      0         0       0     218       0
16384                 0        20      0         1       0     109       0
32768                 0         1      0         1       1      54       0
65536                 0     11458      0         0       0      54       0
131072                0        22      0         0      69     136       0


******* CPU 18 *******
By size           inuse     calls failed   delayed    free   hiwat   freed
64                    0        51      0         0      64    6984       0
128                   0         2      0         0      32    5238       0
256                   0        53      0         0      16   10476       0
512                   0 899081392      0         0    3120   21825       0
1024                  0        70      0         0      16    5238       0
2048                  0     31045      0         0    3120   13095       0
4096                  0         0      0         0      27     873       0
8192                  0         1      0         0       8     218       0
32768                 0         1      0         0       2      54       0
65536                 0     11072      0         0      16      54       0
131072                0         0      0         0      16      32       0


******* CPU 19 *******
By size           inuse     calls failed   delayed    free   hiwat   freed
64                    0        50      0         0      64    6984       0
128                   0         4      0         0      32    5238       0
256                   0        61      0         0      16   10476       0
512                   0 826449695      0         0    1776   21825       0
1024                  0        68      0         0      20    5238       0
2048                  0     31235      0         0    1770   13095       0
4096                  0         0      0         0       5     873       0
32768                 0         1      0         0       0      54       0
65536                 0      9673      0         0      28      54       0
131072                0         0      0         0      16      32       0


******* CPU 20 *******
By size           inuse     calls failed   delayed    free   hiwat   freed
64                   70    367002      0         1     186    6984       0
128                  47    102653      0        80    2577    5238       0
256                  26    349389      0       769   10454   10476     118
512                1297 1093681280      0      1475   13991   21825       0
1024                 57    147275      0        31      87    5238       0
2048                  4    951465      0      1781    4110   13095       0
4096                  5     34692      0         8      76     873       0
8192                  1    364466      0        11       4     218       0
16384                 0     27154      0       629     109     109    4616
32768                 0       722      0       105      99      54     322
65536                 0     12770      0       142     123      54     216
131072                0      9603      0         0     136     136     366


******* CPU 21 *******
By size           inuse     calls failed   delayed    free   hiwat   freed
64                    0       294      0         1      64    6984       0
128                   0        79      0         0      32    5238       0
256                   0       449      0         0      16   10476       0
512                  28 986379684      0         0    1796   21825       0
1024                  0       327      0         1      28    5238       0
2048                  0     28007      0         0    1824   13095       0
4096                  0        96      0         0       2     873       0
8192                  0       476      0         0      16     218       0
16384                 0        25      0         1       2     109       0
32768                 0         8      0         0       1      54       0
65536                 0     11672      0         0      21      54       0
131072                0        17      0         0      16      32       0


******* CPU 22 *******
By size           inuse     calls failed   delayed    free   hiwat   freed
64                    0        44      0         0      64    6984       0
128                   0         4      0         0      32    5238       0
256                   0        58      0         0      16   10476       0
512                   0 904685303      0         0    2328   21825       0
1024                  0       116      0         0      44    5238       0
2048                  0     22986      0         0    2266   13095       0
4096                  0         0      0         0       2     873       0
32768                 0         1      0         0       2      54       0
65536                 0     11110      0         0      21      54       0
131072                0         0      0         0      16      32       0


******* CPU 23 *******
By size           inuse     calls failed   delayed    free   hiwat   freed
64                    0        37      0         0      64    6984       0
128                   0         4      0         0      32    5238       0
256                   0        44      0         0      16   10476       0
512                   0 831426435      0         0    2496   21825       0
1024                  0       160      0         0      60    5238       0
2048                  0     27697      0         0    2496   13095       0
4096                  0         0      0         0      22     873       0
8192                  0         1      0         0       0     218       0
32768                 0         2      0         0       2      54       0
65536                 0      9814      0         0      13      54       0
131072                0         0      0         0      16      32       0

Streams mblk statistic failures:
0 high priority mblk failures
0 medium priority mblk failures
0 low priority mblk failures
==== EXITED with rc 0 ====
==== END netstat -m Tue Jul  7 13:19:08 CDT 2015 ====
