==== This output can be found in Systems/dx977/os/iostat-^A.txt ====
==== START iostat -A Tue Jul  7 00:10:39 GST 2015 ====

System configuration: lcpu=48 drives=839 ent=6.00 paths=0 vdisks=10 maxserver=1440

aio: avgc avfc maxgc maxfc maxreqs avg-cpu: % user % sys % idle % iowait physc % entc
     39.3  0.0   254     0    131072            22.5   5.6   68.8      3.0   2.6   42.7

Disks:        % tm_act     Kbps      tps    Kb_read   Kb_wrtn
hdisk360         0.2      28.4       0.2   304212855   6561700
hdisk741         0.0       0.0       0.0         17         0
hdisk358         0.2      29.3       0.2   314402449   6444560
hdisk606         0.4     225.2       1.1   821323917  1641892153
hdisk364         0.2      28.3       0.2   302461418   7060996
hdisk365         0.2      27.0       0.2   288663146   6651764
hdisk357         0.2      29.7       0.2   317942598   7087232
hdisk355         0.0       0.1       0.0    1061866    149518
hdisk613         0.5     225.5       1.1   823502570  1642532541
hdisk612         0.4     225.2       1.1   822398434  1640915336
hdisk363         0.2      28.4       0.2   303610565   6573460
hdisk366         0.2      26.3       0.2   280944957   6654684
hdisk367         0.2      27.0       0.2   288766546   6547324
hdisk368         0.2      24.8       0.2   265126941   6418292
hdisk742         0.0       0.0       0.0         17         0
hdisk369         0.2      27.7       0.2   296449879   6792104
hdisk607         0.4     225.0       1.1   818979037  1641916959
hdisk356         0.0       0.3       0.0     464946   3206780
hdisk371         0.3      28.7       0.2   307172490   6596820
hdisk354         0.0       3.1       0.2    1510344  31951376
hdisk370         0.2      30.1       0.2   322243757   6534832
hdisk359         0.3      29.4       0.2   314980318   6586796

Disks:        % tm_act     Kbps      tps    Kb_read   Kb_wrtn
hdisk372         0.2      28.7       0.2   307723847   6535656
hdisk373         0.2      31.1       0.2   333044150   6984476
hdisk374         0.2      31.4       0.2   337224126   6285104
hdisk361         0.2      28.8       0.2   308098877   6573500
hdisk375         0.2      32.4       0.2   347225863   7214352
hdisk376         0.2      26.9       0.2   288444106   6167392
hdisk377         0.3      27.4       0.2   292647970   6645540
hdisk378         0.2      30.2       0.2   323303556   6934176
hdisk362         0.2      29.9       0.2   319876648   6827848
hdisk379         0.2      29.0       0.2   310835797   6459360
hdisk380         0.2      27.5       0.2   294245229   6617916
hdisk381         0.2      26.0       0.2   277709915   6908920
hdisk382         0.2      27.0       0.2   288613408   6842728
hdisk383         0.2      28.1       0.2   301001574   6829556
hdisk384         0.2      29.5       0.2   315835715   6902932
hdisk385         0.2      28.7       0.2   307319845   6829936
hdisk386         0.3      25.7       0.9   140436162  140640344
hdisk387         0.3      25.2       0.9   138547455  137598052
hdisk388         0.3      25.3       0.9   140053939  136412604
hdisk389         0.4      25.6       0.9   140496502  139068128
hdisk390         0.4      25.6       0.9   140695449  139483824
hdisk394         0.2      69.1       0.2   590285712  165970488
hdisk399         0.2      68.9       0.2   588163915  165927848
hdisk395         0.2      69.0       0.2   589562864  165570268

Disks:        % tm_act     Kbps      tps    Kb_read   Kb_wrtn
hdisk391         0.3      25.2       0.9   139943547  135599728
hdisk403         0.2      69.0       0.2   588938336  165640508
hdisk393         0.2      68.7       0.2   586467294  165089988
hdisk406         0.2      69.0       0.2   589678453  165279956
hdisk396         0.2      69.0       0.2   589522752  165547868
hdisk398         0.2      69.1       0.2   589563047  166354276
hdisk400         0.2      68.8       0.2   586837745  165769560
hdisk392         0.2      68.7       0.2   585084591  166193352
hdisk404         0.2      69.0       0.2   588907507  165812676
hdisk401         0.2      68.9       0.2   587762183  165659928
hdisk402         0.2      68.9       0.2   588145443  165968044
hdisk409         0.2      69.0       0.2   588571545  166150664
hdisk408         0.2      69.0       0.2   588559869  165747560
hdisk407         0.2      68.9       0.2   587662884  165755936
hdisk397         0.2      69.0       0.2   589213052  165894020
hdisk405         0.2      69.0       0.2   589830018  165331660
hdisk413         0.0       2.5       0.0   27511747         0
hdisk417         0.0       2.5       0.0   27243236         0
hdisk412         0.0       2.5       0.0   27382877         0
hdisk410         0.2      68.8       0.2   587528507  164909912
hdisk420         0.2      78.1       0.6   316708567  537515080
hdisk423         0.0       4.0       0.0   22171893  21947520
hdisk414         0.0       2.5       0.0   27479686         0
hdisk566         0.2      47.2       2.8   516045291    593108

Disks:        % tm_act     Kbps      tps    Kb_read   Kb_wrtn
hdisk621         0.0       0.0       0.0      79838         0
hdisk415         0.0       2.5       0.0   27585649     15992
hdisk623         0.0       0.0       0.0      70309         0
hdisk624         0.0       0.0       0.0         11     15884
hdisk661         0.0       0.0       0.0         20         0
hdisk663         0.0       0.0       0.0         21         0
hdisk416         0.0       2.5       0.0   27298093         0
hdisk411         0.2      68.8       0.2   588042940  164869064
hdisk418         0.0       2.5       0.0   27229145         0
hdisk422         0.0       4.0       0.0   22183562  21843160
hdisk622         0.0       0.0       0.0         12     15668
hdisk421         0.0       4.1       0.0   22285225  22082584
hdisk565         0.5     137.7       8.5   1498104867   8138836
hdisk564         0.0       1.8       0.0   19048702    239216
hdisk620         0.2      76.7       0.6   311230550  527635260
hdisk664         0.0       0.0       0.0         21         0
hdisk660         0.0       0.0       0.0     159880         0
hdisk667         0.0       0.0       0.0         24     15624
hdisk419         0.0       2.5       0.0   27257494         0
hdisk668         0.0       0.0       0.0         21         0
hdisk1           0.0       0.1       0.0     849262    146419
hdisk6           0.0       3.0       0.2    1447850  31417956
hdisk12          0.0       0.3       0.0     507939   3187008
hdisk662         0.0       0.0       0.0         19         0

Disks:        % tm_act     Kbps      tps    Kb_read   Kb_wrtn
hdisk16          0.2      29.9       0.2   319871185   7059988
hdisk17          0.2      29.2       0.2   312500570   6333136
hdisk19          0.2      28.2       0.2   302053115   6421376
hdisk666         0.0       0.0       0.0         20         0
hdisk20          0.2      28.5       0.2   305540706   6473272
hdisk23          0.2      28.1       0.2   300887153   6888552
hdisk18          0.3      29.3       0.2   313505804   6450428
hdisk26          0.2      26.8       0.2   287144019   6407324
hdisk29          0.2      29.9       0.2   321034608   6455748
hdisk669         0.0       0.0       0.0         15         0
hdisk21          0.2      29.7       0.2   318355567   6629128
hdisk665         0.0       0.0       0.0         19         0
hdisk30          0.3      28.4       0.2   304265729   6456572
hdisk24          0.2      26.9       0.2   287284259   6494276
hdisk32          0.2      30.7       0.2   329549826   6709924
hdisk34          0.2      32.2       0.2   345008156   7000752
hdisk35          0.2      26.7       0.2   286310468   6119428
hdisk27          0.2      24.7       0.2   263530227   6340244
hdisk22          0.2      28.1       0.2   301407384   6391916
hdisk31          0.2      28.5       0.2   305244026   6413668
hdisk33          0.2      31.3       0.2   336041178   6232000
hdisk25          0.2      26.1       0.2   278851525   6617324
hdisk37          0.2      30.0       0.2   321014625   6799568
hdisk41          0.2      26.9       0.2   287845907   6809820

Disks:        % tm_act     Kbps      tps    Kb_read   Kb_wrtn
hdisk38          0.2      28.9       0.2   309883399   6301024
hdisk39          0.2      27.3       0.2   292345531   6580636
hdisk36          0.3      27.3       0.2   291535408   6573344
hdisk42          0.2      28.0       0.2   299231199   6681168
hdisk28          0.2      27.6       0.2   294881062   6718924
hdisk40          0.2      25.8       0.2   275826679   6710712
hdisk48          0.4      25.3       0.9   139157902  137626660
hdisk47          0.3      25.1       0.9   138931947  135193128
hdisk44          0.2      28.5       0.2   305224357   6725068
hdisk45          0.3      25.5       0.9   139529139  139182648
hdisk49          0.4      25.4       0.9   139550548  138122200
hdisk46          0.3      25.0       0.9   137160865  136281720
hdisk43          0.2      29.3       0.2   313505716   6834908
hdisk50          0.3      25.0       0.9   138856121  134417916
hdisk51          0.2      67.8       0.2   580278703  161600432
hdisk59          0.2      68.0       0.2   582086450  161688520
hdisk54          0.2      68.2       0.2   584581612  161879340
hdisk55          0.2      68.2       0.2   583994314  162389968
hdisk63          0.2      68.2       0.2   584130757  161812292
hdisk64          0.2      68.3       0.2   585253997  162128108
hdisk58          0.2      68.1       0.2   583284795  161148208
hdisk53          0.2      68.2       0.2   583906515  162345728
hdisk62          0.2      68.2       0.2   583797691  162081408
hdisk52          0.2      68.0       0.2   581849308  161953088

Disks:        % tm_act     Kbps      tps    Kb_read   Kb_wrtn
hdisk60          0.2      68.1       0.2   582213891  162183336
hdisk57          0.2      68.3       0.2   584670768  162332456
hdisk56          0.2      68.3       0.2   584592137  162317768
hdisk65          0.2      68.3       0.2   584897608  161833692
hdisk70          0.2      68.1       0.2   583000836  162095724
hdisk72          0.0       2.5       0.0   27288959         0
hdisk61          0.2      68.2       0.2   583019332  162397712
hdisk73          0.0       2.5       0.0   27358229         0
hdisk74          0.0       2.5       0.0   27404947     15640
hdisk77          0.0       2.5       0.0   27056321         0
hdisk68          0.2      68.1       0.2   583692521  161415516
hdisk71          0.0       2.5       0.0   27141499         0
hdisk66          0.2      68.2       0.2   583820389  161801424
hdisk75          0.0       2.5       0.0   27350303         0
hdisk78          0.0       2.5       0.0   27124241         0
hdisk80          0.0       4.0       0.0   22167590  21741212
hdisk76          0.0       2.5       0.0   27104232         0
hdisk67          0.2      68.1       0.2   583971276  160551024
hdisk81          0.0       4.0       0.0   21997352  21723992
hdisk79          0.2      76.6       0.6   313368092  524699232
hdisk569         0.0       1.8       0.0   19223715    242124
hdisk570         0.6     136.6       8.5   1485903200   8162844
hdisk571         0.2      46.3       2.8   506279041    586820
hdisk69          0.2      68.1       0.2   582647433  162408288

Disks:        % tm_act     Kbps      tps    Kb_read   Kb_wrtn
hdisk671         0.0       0.0       0.0         23         0
hdisk626         0.0       0.0       0.0      32534         0
hdisk629         0.0       0.0       0.0         14     15928
hdisk672         0.0       0.0       0.0         22         0
hdisk676         0.0       0.0       0.0         18         0
hdisk677         0.0       0.0       0.0         20     15824
hdisk675         0.0       0.0       0.0         19         0
hdisk670         0.0       0.0       0.0      67500         0
hdisk625         0.2      78.2       0.6   320131258  535187468
hdisk628         0.0       0.0       0.0      36129         0
hdisk674         0.0       0.0       0.0         16         0
hdisk82          0.0       4.0       0.0   21907064  21620800
hdisk627         0.0       0.0       0.0         14     15640
hdisk673         0.0       0.0       0.0         19         0
hdisk679         0.0       0.0       0.0         21         0
hdisk678         0.0       0.0       0.0         25         0
hdisk429         0.3      29.1       0.2   312206114   6563608
hdisk426         0.0       0.3       0.0     466968   3176732
hdisk427         0.2      29.5       0.2   316039211   7075876
hdisk432         0.2      29.7       0.2   318052432   6683096
hdisk424         0.1       3.0       0.2    1374106  31544704
hdisk428         0.2      29.0       0.2   311017864   6334492
hdisk431         0.2      28.6       0.2   306352480   6535100
hdisk430         0.2      28.2       0.2   301880834   6471152

Disks:        % tm_act     Kbps      tps    Kb_read   Kb_wrtn
hdisk425         0.0       0.1       0.0     549224    148357
hdisk743         0.0       0.0       0.0         17         0
hdisk436         0.2      26.1       0.2   278545329   6551584
hdisk437         0.2      26.7       0.2   286013119   6447688
hdisk442         0.2      28.5       0.2   305197355   6472748
hdisk434         0.2      28.1       0.2   300106631   7020196
hdisk440         0.2      29.9       0.2   320013780   6484808
hdisk439         0.2      27.5       0.2   294359671   6717808
hdisk435         0.2      26.9       0.2   287611162   6630520
hdisk433         0.2      28.2       0.2   301649527   6412460
hdisk441         0.3      28.4       0.2   304382282   6516208
hdisk438         0.2      24.6       0.2   262646563   6382088
hdisk445         0.2      32.1       0.2   344063680   7097092
hdisk744         0.0       0.0       0.0         17         0
hdisk444         0.2      31.2       0.2   335300290   6281080
hdisk443         0.2      30.8       0.2   330145309   6826424
hdisk453         0.2      27.9       0.2   297924583   6719368
hdisk448         0.2      29.9       0.2   320640337   6865128
hdisk450         0.2      27.3       0.2   291672820   6641688
hdisk447         0.3      27.2       0.2   290277122   6672240
hdisk454         0.2      29.3       0.2   313599873   6796048
hdisk457         0.3      25.0       0.9   137018230  136311500
hdisk455         0.2      28.6       0.2   305652658   6869028
hdisk446         0.2      26.7       0.2   285427445   6059104

Disks:        % tm_act     Kbps      tps    Kb_read   Kb_wrtn
hdisk456         0.3      25.5       0.9   139313477  139209204
hdisk451         0.2      25.8       0.2   275369892   6843820
hdisk460         0.4      25.3       0.9   138902966  138313516
hdisk452         0.2      26.8       0.2   286817856   6819372
hdisk459         0.4      25.3       0.9   139029122  137738612
hdisk462         0.2      67.9       0.2   577841575  165324588
hdisk461         0.3      24.9       0.9   137945265  134299588
hdisk458         0.3      25.0       0.9   138583116  135252908
hdisk465         0.2      68.5       0.2   583356780  165503828
hdisk466         0.2      68.3       0.2   582216726  165093516
hdisk463         0.2      68.1       0.2   579239284  165370508
hdisk449         0.2      28.9       0.2   309388925   6332712
hdisk471         0.2      68.2       0.2   580756228  165571268
hdisk467         0.2      68.3       0.2   581820442  164994680
hdisk464         0.2      68.3       0.2   582492683  164819644
hdisk472         0.2      68.3       0.2   582066921  165170756
hdisk474         0.2      68.4       0.2   582445532  165479440
hdisk468         0.2      68.3       0.2   582822187  164413868
hdisk473         0.2      68.4       0.2   582553596  165566632
hdisk475         0.2      68.4       0.2   583257917  165188328
hdisk470         0.2      68.2       0.2   580341715  165276720
hdisk477         0.2      68.3       0.2   581638583  165090164
hdisk469         0.2      68.3       0.2   581416825  165095336
hdisk478         0.2      68.3       0.2   581954532  165079256

Disks:        % tm_act     Kbps      tps    Kb_read   Kb_wrtn
hdisk476         0.2      68.4       0.2   582571901  165117172
hdisk484         0.0       2.5       0.0   26958214         0
hdisk488         0.0       2.5       0.0   26816683         0
hdisk483         0.0       2.5       0.0   26934274         0
hdisk489         0.0       2.4       0.0   26744218         0
hdisk490         0.2      77.2       0.6   314075536  530399844
hdisk487         0.0       2.4       0.0   26652380         0
hdisk481         0.2      68.2       0.2   580996369  164874596
hdisk485         0.0       2.4       0.0   26753188     15684
hdisk480         0.2      68.3       0.2   581447385  165088012
hdisk493         0.0       4.0       0.0   21944898  21763036
hdisk479         0.2      68.3       0.2   582015395  164754500
hdisk574         0.0       1.7       0.0   18850192    232392
hdisk482         0.0       2.5       0.0   26861368         0
hdisk492         0.0       4.0       0.0   22047537  21648232
hdisk486         0.0       2.5       0.0   27084945         0
hdisk575         0.5     135.7       8.4   1476103809   8074688
hdisk491         0.0       4.0       0.0   22049301  21687604
hdisk633         0.0       0.0       0.0      43352         0
hdisk632         0.0       0.0       0.0         18     15444
hdisk681         0.0       0.0       0.0         25         0
hdisk634         0.0       0.0       0.0         15     15456
hdisk680         0.0       0.0       0.0      81205         0
hdisk576         0.2      46.7       2.8   510364866    585924

Disks:        % tm_act     Kbps      tps    Kb_read   Kb_wrtn
hdisk630         0.2      75.6       0.6   306834936  519790404
hdisk631         0.0       0.0       0.0      38161         0
hdisk683         0.0       0.0       0.0         21         0
hdisk0           0.0       3.0       0.2    1548166  31288056
hdisk684         0.0       0.0       0.0         22         0
hdisk686         0.0       0.0       0.0         25         0
hdisk689         0.0       0.0       0.0         23         0
hdisk687         0.0       0.0       0.0         20     15156
hdisk3           0.0       0.1       0.0    1467294    145038
hdisk682         0.0       0.0       0.0         22         0
hdisk84          0.2      28.9       0.2   309830290   6256092
hdisk13          0.0       0.3       0.0     474592   3171536
hdisk85          0.3      29.0       0.2   311115598   6437732
hdisk685         0.0       0.0       0.0         25         0
hdisk88          0.2      29.6       0.2   316883716   6496340
hdisk83          0.2      29.3       0.2   313469905   7021632
hdisk87          0.2      28.3       0.2   303514441   6487512
hdisk688         0.0       0.0       0.0         21         0
hdisk90          0.2      27.9       0.2   298118815   6898852
hdisk93          0.2      26.7       0.2   285279191   6442796
hdisk92          0.2      25.9       0.2   276568541   6523268
hdisk95          0.2      27.3       0.2   291945076   6673520
hdisk96          0.2      29.8       0.2   319769888   6415016
hdisk86          0.2      28.1       0.2   300779182   6472024

Disks:        % tm_act     Kbps      tps    Kb_read   Kb_wrtn
hdisk89          0.2      27.9       0.2   298874743   6410396
hdisk94          0.2      24.5       0.2   261294534   6301392
hdisk91          0.2      26.7       0.2   285375667   6446448
hdisk99          0.2      30.6       0.2   327807913   6780356
hdisk101         0.2      32.0       0.2   343500514   6967620
hdisk102         0.2      26.7       0.2   285651564   6061796
hdisk103         0.2      27.0       0.2   289179036   6549376
hdisk97          0.3      28.2       0.2   301987380   6409800
hdisk106         0.2      27.0       0.2   289076008   6570672
hdisk109         0.2      27.7       0.2   296135342   6601964
hdisk100         0.2      31.0       0.2   333148717   6176048
hdisk105         0.2      28.7       0.2   307317684   6320320
hdisk107         0.2      25.6       0.2   273381542   6739184
hdisk108         0.2      26.7       0.2   285096242   6712584
hdisk113         0.3      24.9       0.9   136294135  135710172
hdisk110         0.2      29.2       0.2   312646114   6765136
hdisk98          0.2      28.3       0.2   303628057   6427388
hdisk112         0.3      25.3       0.9   137949802  138581708
hdisk104         0.2      29.8       0.2   319695852   6757148
hdisk116         0.4      25.2       0.9   138284595  137520000
hdisk111         0.2      28.4       0.2   303637611   6694864
hdisk121         0.2      67.9       0.2   579951761  162363724
hdisk122         0.2      67.8       0.2   579150353  162402376
hdisk118         0.2      67.4       0.2   575114336  162410824

Disks:        % tm_act     Kbps      tps    Kb_read   Kb_wrtn
hdisk115         0.4      25.2       0.9   138459556  137071800
hdisk119         0.2      67.6       0.2   576769917  162322708
hdisk114         0.3      24.9       0.9   138149990  134390080
hdisk123         0.2      67.7       0.2   578885768  161453056
hdisk120         0.2      67.8       0.2   579353891  162447688
hdisk117         0.3      24.8       0.9   137341777  133477396
hdisk126         0.2      67.6       0.1   576954431  161990300
hdisk125         0.2      67.6       0.2   577685739  161992368
hdisk124         0.2      67.8       0.2   579816682  161718304
hdisk130         0.2      67.8       0.2   578788721  163079324
hdisk128         0.2      67.6       0.2   577905900  161397300
hdisk129         0.2      67.8       0.2   578411714  162881896
hdisk132         0.2      67.8       0.2   579617558  161972600
hdisk134         0.2      67.6       0.2   577930252  161975940
hdisk137         0.2      67.6       0.2   578220692  161165092
hdisk133         0.2      67.7       0.2   578436303  162425124
hdisk131         0.2      67.9       0.2   580144957  162349264
hdisk127         0.2      67.5       0.2   576266438  162372328
hdisk141         0.0       2.4       0.0   26764059     15588
hdisk139         0.0       2.4       0.0   26781007         0
hdisk146         0.2      76.0       0.6   311014398  520049548
hdisk136         0.2      67.6       0.2   577636813  161670704
hdisk147         0.0       4.0       0.0   21821076  21485688
hdisk138         0.0       2.5       0.0   26899135         0

Disks:        % tm_act     Kbps      tps    Kb_read   Kb_wrtn
hdisk144         0.0       2.4       0.0   26632280         0
hdisk135         0.2      67.6       0.2   578317115  161369892
hdisk143         0.0       2.4       0.0   26713796         0
hdisk148         0.0       4.0       0.0   21895245  21536920
hdisk142         0.0       2.5       0.0   26855216         0
hdisk140         0.0       2.5       0.0   26888518         0
hdisk145         0.0       2.4       0.0   26772506         0
hdisk635         0.2      77.6       0.6   317534491  530686584
hdisk579         0.0       1.8       0.0   19044158    231872
hdisk637         0.0       0.0       0.0         17     15904
hdisk636         0.0       0.0       0.0      37561         0
hdisk638         0.0       0.0       0.0      40876         0
hdisk581         0.2      46.0       2.8   502781972    586708
hdisk639         0.0       0.0       0.0         19     15664
hdisk149         0.0       4.0       0.0   21708081  21603680
hdisk691         0.0       0.0       0.0         22         0
hdisk690         0.0       0.0       0.0      76086         0
hdisk580         0.6     136.1       8.4   1480545812   8113680
hdisk697         0.0       0.0       0.0         33     15924
hdisk695         0.0       0.0       0.0         31         0
hdisk698         0.0       0.0       0.0         28         0
hdisk699         0.0       0.0       0.0         25         0
hdisk692         0.0       0.0       0.0         29         0
hdisk694         0.0       0.0       0.0         30         0

Disks:        % tm_act     Kbps      tps    Kb_read   Kb_wrtn
hdisk615         0.5     224.4       1.1   818348780  1635784785
hdisk693         0.0       0.0       0.0         27         0
hdisk608         0.5     224.1       1.1   816659411  1633873348
hdisk696         0.0       0.0       0.0         31         0
hdisk609         0.5     224.1       1.1   816153333  1634361383
hdisk494         0.0       3.0       0.2    1393628  31885520
hdisk498         0.2      29.3       0.2   313723756   6359704
hdisk614         0.5     223.9       1.1   816001426  1633404679
hdisk497         0.2      29.8       0.2   319166811   7096596
hdisk499         0.3      29.3       0.2   314322161   6582380
hdisk495         0.0       0.1       0.0     628863    149263
hdisk496         0.0       0.3       0.0     468085   3217116
hdisk501         0.2      28.7       0.2   307301732   6616844
hdisk745         0.0       0.0       0.0         17         0
hdisk500         0.2      28.5       0.2   304602512   6611436
hdisk502         0.2      29.8       0.2   319441959   6739536
hdisk503         0.2      28.2       0.2   302430614   6454820
hdisk746         0.0       0.0       0.0         17         0
hdisk504         0.2      28.3       0.2   302059562   7056324
hdisk506         0.2      26.2       0.2   280245477   6647360
hdisk505         0.2      27.0       0.2   289049399   6587700
hdisk507         0.2      26.9       0.2   288230144   6485508
hdisk508         0.2      24.8       0.2   264578540   6420356
hdisk509         0.2      27.7       0.2   295773461   6769460

Disks:        % tm_act     Kbps      tps    Kb_read   Kb_wrtn
hdisk510         0.2      30.2       0.2   323364115   6538464
hdisk511         0.3      28.5       0.2   305663940   6529292
hdisk513         0.2      31.0       0.2   332071701   6797856
hdisk512         0.2      28.7       0.2   306937460   6472052
hdisk514         0.2      31.3       0.2   336056363   6367768
hdisk515         0.2      32.4       0.2   346897440   7103788
hdisk517         0.2      27.3       0.2   291939430   6605452
hdisk516         0.2      26.9       0.2   288275530   6180304
hdisk518         0.2      30.1       0.2   322745096   6917476
hdisk519         0.2      29.0       0.2   311026132   6462464
hdisk521         0.2      26.0       0.2   277722136   6891616
hdisk522         0.2      27.0       0.2   288633135   6880020
hdisk524         0.2      29.5       0.2   315429712   6816124
hdisk523         0.2      28.0       0.2   299938225   6807956
hdisk525         0.2      28.7       0.2   307291632   6838736
hdisk526         0.3      25.6       0.9   140086850  140003300
hdisk520         0.2      27.4       0.2   292820570   6589460
hdisk529         0.4      25.5       0.9   140390531  138480492
hdisk527         0.3      25.1       0.9   137989751  137081316
hdisk531         0.3      25.1       0.9   139484122  135010500
hdisk528         0.3      25.2       0.9   139722775  135975612
hdisk530         0.4      25.5       0.9   140035747  138853960
hdisk534         0.2      69.0       0.2   588195338  166043216
hdisk533         0.2      68.6       0.2   584442297  165586600

Disks:        % tm_act     Kbps      tps    Kb_read   Kb_wrtn
hdisk535         0.2      68.9       0.2   587751236  165439320
hdisk532         0.2      68.5       0.2   583717673  165119964
hdisk536         0.2      68.8       0.2   587497678  165266480
hdisk538         0.2      68.8       0.2   587725987  164913864
hdisk542         0.2      68.8       0.2   586934718  165587812
hdisk540         0.2      68.6       0.2   585624341  164988296
hdisk539         0.2      68.7       0.2   586176155  165546988
hdisk545         0.2      69.0       0.2   588751934  165651124
hdisk541         0.2      68.8       0.2   586109901  166156704
hdisk546         0.2      69.0       0.2   588455566  165908272
hdisk548         0.2      68.8       0.2   586784019  166051512
hdisk547         0.2      68.6       0.2   585811697  164973692
hdisk543         0.2      68.8       0.2   587017804  165710620
hdisk544         0.2      68.8       0.2   586846772  165643416
hdisk551         0.2      68.7       0.2   585914995  165716496
hdisk550         0.2      68.7       0.2   585784588  165362004
hdisk552         0.0       2.5       0.0   27278457         0
hdisk553         0.0       2.5       0.0   27300476         0
hdisk549         0.2      68.8       0.2   586530127  165895056
hdisk557         0.0       2.5       0.0   27124331         0
hdisk556         0.0       2.5       0.0   27323485         0
hdisk537         0.2      68.9       0.2   587613135  165531144
hdisk558         0.0       2.5       0.0   27222259         0
hdisk560         0.2      77.7       0.6   315300836  534297672

Disks:        % tm_act     Kbps      tps    Kb_read   Kb_wrtn
hdisk554         0.0       2.5       0.0   27381840         0
hdisk561         0.0       4.0       0.0   22263838  21899076
hdisk555         0.0       2.5       0.0   27372890     16256
hdisk563         0.0       4.0       0.0   22010962  21729184
hdisk585         0.5     136.7       8.5   1486734742   8106868
hdisk584         0.0       1.8       0.0   19063370    234400
hdisk640         0.2      76.4       0.6   310006999  525401312
hdisk642         0.0       0.0       0.0         24     15820
hdisk641         0.0       0.0       0.0      26165         0
hdisk643         0.0       0.0       0.0      27093         0
hdisk586         0.2      47.1       2.8   514632713    586108
hdisk701         0.0       0.0       0.0         42         0
hdisk559         0.0       2.5       0.0   27227351         0
hdisk704         0.0       0.0       0.0         41         0
hdisk644         0.0       0.0       0.0         18     15996
hdisk705         0.0       0.0       0.0         36         0
hdisk700         0.0       0.0       0.0      55521         0
hdisk562         0.0       4.0       0.0   22174973  21877416
hdisk702         0.0       0.0       0.0         35         0
hdisk706         0.0       0.0       0.0         43         0
hdisk703         0.0       0.0       0.0         40         0
hdisk708         0.0       0.0       0.0         38         0
hdisk2           0.0       3.0       0.2    1408895  31529376
hdisk153         0.2      28.3       0.2   302731719   6492284

Disks:        % tm_act     Kbps      tps    Kb_read   Kb_wrtn
hdisk707         0.0       0.0       0.0         36     15844
hdisk151         0.2      29.1       0.2   311851743   6261704
hdisk155         0.2      29.7       0.2   318006364   6533420
hdisk5           0.0       0.1       0.0     562729    146577
hdisk14          0.0       0.3       0.0     461996   3143232
hdisk157         0.2      28.0       0.2   299673760   7048956
hdisk152         0.3      29.1       0.2   312049632   6582960
hdisk156         0.2      28.1       0.2   300785712   6493932
hdisk154         0.2      28.5       0.2   305261188   6451972
hdisk158         0.2      26.9       0.2   288148548   6459980
hdisk709         0.0       0.0       0.0         40         0
hdisk150         0.2      29.6       0.2   316500100   6987284
hdisk163         0.2      29.9       0.2   320200626   6483484
hdisk159         0.2      26.1       0.2   278864545   6569084
hdisk161         0.2      24.7       0.2   263425570   6308532
hdisk165         0.2      28.6       0.2   305979063   6389140
hdisk166         0.2      30.8       0.2   329933528   6785656
hdisk168         0.2      32.1       0.2   344458858   7004016
hdisk162         0.2      27.5       0.2   294000924   6659960
hdisk169         0.2      26.7       0.2   285592640   6104712
hdisk167         0.2      31.2       0.2   335475469   6290120
hdisk170         0.2      27.2       0.2   291125953   6546444
hdisk164         0.3      28.5       0.2   305303942   6502380
hdisk172         0.2      28.9       0.2   309463690   6290324

Disks:        % tm_act     Kbps      tps    Kb_read   Kb_wrtn
hdisk160         0.2      26.8       0.2   287116143   6434332
hdisk173         0.2      27.3       0.2   292068393   6559016
hdisk174         0.2      25.9       0.2   276278387   6767416
hdisk175         0.2      26.9       0.2   287623319   6741540
hdisk171         0.2      30.0       0.2   321060629   6810272
hdisk176         0.2      27.9       0.2   298230034   6599576
hdisk179         0.3      25.5       0.9   139431115  139290392
hdisk177         0.2      29.3       0.2   313685215   6765704
hdisk180         0.3      25.0       0.9   137470836  136388064
hdisk178         0.2      28.6       0.2   305514471   6762924
hdisk185         0.2      67.9       0.2   579880054  162573088
hdisk186         0.2      67.9       0.2   580877474  161788392
hdisk181         0.3      25.1       0.9   139066235  135257952
hdisk182         0.4      25.3       0.9   139512497  137739796
hdisk184         0.3      24.9       0.9   138391520  134386960
hdisk188         0.2      68.2       0.2   583536580  162366472
hdisk190         0.2      68.3       0.2   584002678  162843748
hdisk183         0.4      25.4       0.9   139286005  138339796
hdisk189         0.2      68.2       0.2   583824171  162605576
hdisk191         0.2      68.3       0.2   584357109  162987340
hdisk192         0.2      68.1       0.2   582080699  162950380
hdisk193         0.2      68.1       0.2   581902785  162430896
hdisk194         0.2      68.1       0.2   581789696  162590040
hdisk187         0.2      68.2       0.2   584260150  162145940

Disks:        % tm_act     Kbps      tps    Kb_read   Kb_wrtn
hdisk195         0.2      68.2       0.2   582742263  162699712
hdisk198         0.2      68.3       0.2   584622790  162796252
hdisk199         0.2      68.3       0.2   584133770  162410144
hdisk197         0.2      68.1       0.2   582256807  162533932
hdisk196         0.2      68.1       0.2   582681661  162305500
hdisk202         0.2      68.1       0.2   582431693  162379484
hdisk200         0.2      68.2       0.2   583022450  162369632
hdisk201         0.2      68.1       0.2   582538966  162221524
hdisk206         0.0       2.5       0.0   27161376         0
hdisk208         0.0       2.5       0.0   27299715     15848
hdisk205         0.0       2.5       0.0   27074943         0
hdisk207         0.0       2.5       0.0   27271391         0
hdisk204         0.2      68.1       0.2   582630365  162390876
hdisk203         0.2      68.1       0.2   582468766  161917080
hdisk212         0.0       2.5       0.0   26951853         0
hdisk210         0.0       2.5       0.0   27193623         0
hdisk213         0.2      76.7       0.6   313444068  525866164
hdisk211         0.0       2.5       0.0   27065358         0
hdisk209         0.0       2.5       0.0   27113656         0
hdisk215         0.0       4.0       0.0   22044934  21739064
hdisk589         0.0       1.8       0.0   19201192    230400
hdisk591         0.2      46.3       2.8   506257468    584696
hdisk590         0.6     136.6       8.5   1485902489   8143600
hdisk216         0.0       4.0       0.0   21829187  21732156

Disks:        % tm_act     Kbps      tps    Kb_read   Kb_wrtn
hdisk214         0.0       4.0       0.0   22102363  21870016
hdisk646         0.0       0.0       0.0      37269         0
hdisk649         0.0       0.0       0.0         45     15744
hdisk710         0.0       0.0       0.0      69283         0
hdisk711         0.0       0.0       0.0         87         0
hdisk716         0.0       0.0       0.0         68         0
hdisk647         0.0       0.0       0.0         38     15936
hdisk714         0.0       0.0       0.0         75         0
hdisk648         0.0       0.0       0.0      35135         0
hdisk713         0.0       0.0       0.0         83         0
hdisk712         0.0       0.0       0.0         76         0
hdisk719         0.0       0.0       0.0         79         0
hdisk645         0.2      78.2       0.6   319820934  535692068
hdisk717         0.0       0.0       0.0         78     15872
hdisk611         0.4     225.5       1.1   823430711  1642849788
hdisk718         0.0       0.0       0.0         74         0
hdisk715         0.0       0.0       0.0         69         0
hdisk616         0.4     226.0       1.1   827448039  1644817448
hdisk617         0.4     226.3       1.1   827679244  1647156649
hdisk610         0.4     226.0       1.1   827655813  1644454911
hdisk747         0.0       0.0       0.0         33         0
hdisk285         0.0       0.1       0.0     709486    147813
hdisk284         0.0       3.0       0.2    1389448  31185984
hdisk594         0.5     223.2       1.1   810224222  1630710027

Disks:        % tm_act     Kbps      tps    Kb_read   Kb_wrtn
hdisk619         0.5     223.5       1.1   812019047  1633013014
hdisk595         0.5     223.0       1.1   810658106  1627902011
hdisk286         0.0       0.3       0.0     479670   3181020
hdisk618         0.5     223.1       1.1   810617623  1629331813
hdisk748         0.0       0.0       0.0         17         0
hdisk287         0.2      29.7       0.2   317974088   7107356
hdisk291         0.2      28.4       0.2   304482563   6600784
hdisk290         0.2      28.3       0.2   302489454   6504796
hdisk293         0.2      28.1       0.2   300975453   6495244
hdisk288         0.2      29.1       0.2   311426317   6366280
hdisk292         0.2      29.7       0.2   318316851   6659048
hdisk295         0.2      26.8       0.2   286110513   6644524
hdisk289         0.3      29.1       0.2   311775963   6518980
hdisk296         0.2      26.0       0.2   278044590   6709228
hdisk297         0.2      26.8       0.2   286858137   6500080
hdisk294         0.2      28.0       0.2   299620853   7119396
hdisk300         0.2      29.9       0.2   320606977   6564540
hdisk302         0.2      28.5       0.2   305168925   6356260
hdisk301         0.3      28.4       0.2   304158701   6526828
hdisk299         0.2      27.5       0.2   293593052   6736436
hdisk298         0.2      24.6       0.2   262465288   6349752
hdisk303         0.2      30.9       0.2   330840205   6839396
hdisk304         0.2      31.2       0.2   335185793   6275416
hdisk305         0.2      32.2       0.2   344976241   7088520

Disks:        % tm_act     Kbps      tps    Kb_read   Kb_wrtn
hdisk307         0.3      27.2       0.2   290307604   6642028
hdisk308         0.2      29.9       0.2   320314928   6878976
hdisk309         0.2      28.8       0.2   308777361   6305392
hdisk313         0.2      27.8       0.2   297947019   6598532
hdisk311         0.2      25.8       0.2   275098955   6815776
hdisk312         0.2      26.9       0.2   287187948   6775444
hdisk314         0.2      29.3       0.2   313461183   6846248
hdisk310         0.2      27.3       0.2   291685275   6692020
hdisk315         0.2      28.6       0.2   306072194   6818352
hdisk316         0.3      25.4       0.9   138885319  139450220
hdisk306         0.2      26.7       0.2   285484435   6170516
hdisk318         0.3      25.1       0.9   138498908  135567056
hdisk317         0.3      25.0       0.9   136597744  136856788
hdisk322         0.2      68.0       0.2   578218073  165530512
hdisk320         0.4      25.3       0.9   138793938  138380792
hdisk321         0.3      24.9       0.9   137800985  134598476
hdisk323         0.2      68.1       0.2   578792424  165865452
hdisk325         0.2      68.4       0.2   582003108  166130368
hdisk326         0.2      68.4       0.2   582247288  166055632
hdisk319         0.4      25.3       0.9   138975336  137982716
hdisk327         0.2      68.3       0.2   581790355  165646440
hdisk324         0.2      68.4       0.2   582913167  165674964
hdisk331         0.2      68.2       0.2   580306554  166152408
hdisk330         0.2      68.2       0.2   580171940  165549020

Disks:        % tm_act     Kbps      tps    Kb_read   Kb_wrtn
hdisk329         0.2      68.2       0.2   580463683  165910016
hdisk333         0.2      68.3       0.2   581404556  165850476
hdisk335         0.2      68.4       0.2   582171001  165821108
hdisk337         0.2      68.3       0.2   580840994  165761968
hdisk334         0.2      68.2       0.2   581039356  165313168
hdisk338         0.2      68.2       0.2   580406880  165841056
hdisk341         0.2      68.2       0.2   580521544  165422560
hdisk340         0.2      68.2       0.2   580026247  165913804
hdisk336         0.2      68.4       0.2   582536416  165360420
hdisk342         0.0       2.5       0.0   26871351         0
hdisk339         0.2      68.3       0.2   580805067  165818444
hdisk345         0.0       2.5       0.0   27007557     15792
hdisk344         0.0       2.5       0.0   27080111         0
hdisk328         0.2      68.3       0.2   582011960  165516604
hdisk347         0.0       2.5       0.0   26914034         0
hdisk343         0.0       2.5       0.0   27326877         0
hdisk349         0.0       2.5       0.0   26898708         0
hdisk332         0.2      68.2       0.2   580404624  165816744
hdisk346         0.0       2.5       0.0   27161763         0
hdisk352         0.0       4.0       0.0   21964253  21642120
hdisk597         0.5     136.9       8.5   1488767416   8082500
hdisk350         0.2      77.3       0.6   313343733  531690928
hdisk348         0.0       2.5       0.0   26913489         0
hdisk596         0.0       1.7       0.0   18848265    233732

Disks:        % tm_act     Kbps      tps    Kb_read   Kb_wrtn
hdisk353         0.0       4.0       0.0   21942643  21748184
hdisk351         0.0       4.0       0.0   22124943  21734768
hdisk650         0.2      75.7       0.6   306960648  521330320
hdisk652         0.0       0.0       0.0        144     15608
hdisk651         0.0       0.0       0.0      39421         0
hdisk653         0.0       0.0       0.0      42428         0
hdisk720         0.0       0.0       0.0      69643         0
hdisk654         0.0       0.0       0.0        146     15384
hdisk722         0.0       0.0       0.0        276         0
hdisk723         0.0       0.0       0.0        269         0
hdisk725         0.0       0.0       0.0        279         0
hdisk726         0.0       0.0       0.0        275         0
hdisk729         0.0       0.0       0.0        271         0
hdisk15          0.0       0.3       0.0     482559   3123196
hdisk4           0.0       3.0       0.2    1400694  31362040
hdisk598         0.2      46.9       2.8   511898794    580536
hdisk724         0.0       0.0       0.0        277         0
hdisk728         0.0       0.0       0.0        268         0
hdisk218         0.2      28.9       0.2   309857685   6231380
hdisk7           0.0       0.1       0.0     640889    144548
hdisk727         0.0       0.0       0.0        279     15776
hdisk221         0.2      28.3       0.2   303126797   6428856
hdisk217         0.2      29.5       0.2   315570258   6997160
hdisk219         0.3      28.9       0.2   309785737   6379460

Disks:        % tm_act     Kbps      tps    Kb_read   Kb_wrtn
hdisk721         0.0       0.0       0.0        265         0
hdisk229         0.2      27.4       0.2   292579851   6613604
hdisk228         0.2      24.4       0.2   260397696   6208512
hdisk220         0.2      28.0       0.2   300184072   6398848
hdisk226         0.2      25.9       0.2   276853907   6566592
hdisk230         0.2      29.7       0.2   318641665   6411932
hdisk224         0.2      27.8       0.2   297434415   6805948
hdisk231         0.3      28.2       0.2   301649726   6414604
hdisk234         0.2      31.1       0.2   333796711   6154576
hdisk232         0.2      28.3       0.2   303508482   6352420
hdisk241         0.2      25.7       0.2   274042188   6722464
hdisk240         0.2      27.0       0.2   289072433   6488408
hdisk237         0.3      27.0       0.2   288927100   6502380
hdisk227         0.2      26.6       0.2   284814284   6307176
hdisk236         0.2      26.5       0.2   284354050   6029656
hdisk222         0.2      29.5       0.2   315656093   6646700
hdisk239         0.2      28.6       0.2   306176107   6182272
hdisk225         0.2      26.7       0.2   285319557   6398740
hdisk238         0.2      29.8       0.2   318946304   6693492
hdisk245         0.2      28.3       0.2   302974824   6579412
hdisk243         0.2      27.7       0.2   296146815   6598980
hdisk246         0.3      25.2       0.9   137792632  138000060
hdisk242         0.2      26.7       0.2   285633337   6661316
hdisk233         0.2      30.6       0.2   328234783   6548256

Disks:        % tm_act     Kbps      tps    Kb_read   Kb_wrtn
hdisk247         0.3      24.8       0.9   135762145  135386072
hdisk235         0.2      31.9       0.2   342145815   6887604
hdisk248         0.3      24.8       0.9   137194420  134092404
hdisk223         0.2      28.0       0.2   299548913   6371140
hdisk249         0.4      25.1       0.9   138033220  136657492
hdisk244         0.2      29.1       0.2   311496544   6703772
hdisk250         0.4      25.1       0.9   137960583  136888248
hdisk251         0.3      24.7       0.9   136937929  133048820
hdisk252         0.2      67.2       0.2   573196904  162229776
hdisk256         0.2      67.6       0.2   577092693  162201476
hdisk261         0.2      67.4       0.2   575551836  161524644
hdisk253         0.2      67.4       0.2   574844638  162063904
hdisk255         0.2      67.7       0.2   577823575  162450012
hdisk260         0.2      67.3       0.1   574917369  161667532
hdisk259         0.2      67.5       0.2   576661441  161247216
hdisk258         0.2      67.5       0.2   576393456  162253124
hdisk262         0.2      67.5       0.2   576052615  162029392
hdisk268         0.2      67.4       0.1   575270829  162356928
hdisk273         0.0       2.4       0.0   26737643         0
hdisk265         0.2      67.6       0.2   577353210  162291144
hdisk275         0.0       2.5       0.0   26864702     15464
hdisk274         0.0       2.4       0.0   26634381         0
hdisk257         0.2      67.6       0.2   577116217  162213672
hdisk254         0.2      67.6       0.2   577462951  162246088

Disks:        % tm_act     Kbps      tps    Kb_read   Kb_wrtn
hdisk267         0.2      67.5       0.2   575821003  162302236
hdisk278         0.0       2.4       0.0   26544276         0
hdisk271         0.2      67.5       0.2   576059485  162016376
hdisk281         0.0       4.0       0.0   21949226  21525788
hdisk263         0.2      67.5       0.2   576520317  161671276
hdisk277         0.0       2.4       0.0   26648232         0
hdisk269         0.2      67.5       0.1   576259821  161584068
hdisk276         0.0       2.5       0.0   26866858         0
hdisk264         0.2      67.5       0.2   576320701  162017428
hdisk282         0.0       4.0       0.0   21832452  21505864
hdisk283         0.0       4.0       0.0   21809758  21472660
hdisk603         0.2      45.9       2.8   501915040    585736
hdisk270         0.2      67.4       0.2   575839156  161452340
hdisk279         0.0       2.4       0.0   26506543         0
hdisk657         0.0       0.0       0.0         14     15760
hdisk266         0.2      67.7       0.2   577657667  163020428
hdisk658         0.0       0.0       0.0      51814         0
hdisk730         0.0       0.0       0.0      97516         0
hdisk280         0.2      75.8       0.6   309888483  518822936
hdisk659         0.0       0.0       0.0         14     15724
hdisk272         0.0       2.4       0.0   26709439         0
hdisk656         0.0       0.0       0.0      56187         0
hdisk655         0.2      77.3       0.6   316017116  529423624
hdisk736         0.0       0.0       0.0         21         0

Disks:        % tm_act     Kbps      tps    Kb_read   Kb_wrtn
hdisk733         0.0       0.0       0.0         20         0
hdisk601         0.0       1.8       0.0   19065469    235896
hdisk738         0.0       0.0       0.0         25         0
hdisk734         0.0       0.0       0.0         22         0
hdisk739         0.0       0.0       0.0         29         0
hdisk735         0.0       0.0       0.0         21         0
hdisk602         0.6     136.0       8.4   1479275810   8096148
hdisk737         0.0       0.0       0.0         22     15760
hdisk731         0.0       0.0       0.0         20         0
hdisk732         0.0       0.0       0.0         20         0
hdiskpower1      0.1       0.7       0.2    6469551   1177535
hdiskpower0      0.3      24.1       1.4   11472929  252165012
hdiskpower3      0.0       2.7       0.2    3806692  25406620
hdiskpower4      0.8     237.1       1.9   2536534094  56433124
hdiskpower5      0.8     232.7       1.9   2494610613  50587348
hdiskpower6      0.9     233.3       1.9   2499741265  52102344
hdiskpower7      0.8     225.9       1.8   2418933681  51933616
hdiskpower8      0.8     228.2       1.9   2443678721  52167840
hdiskpower9      0.8     237.5       1.9   2544589569  53215116
hdiskpower10     0.8     225.0       1.9   2409282849  51603368
hdiskpower11     0.8     224.6       1.9   2400362545  55899220
hdiskpower12     0.8     214.8       1.8   2297562189  52313952
hdiskpower13     0.8     208.6       1.7   2228918809  52839124
hdiskpower14     0.7     214.5       1.7   2294221521  51572228

Disks:        % tm_act     Kbps      tps    Kb_read   Kb_wrtn
hdiskpower15     0.8     197.0       1.7   2103465297  50729168
hdiskpower16     0.8     220.1       1.8   2353582913  53681816
hdiskpower17     0.8     239.3       1.8   2565875353  51888824
hdiskpower18     0.9     227.3       1.8   2434584129  51952504
hdiskpower19     0.8     228.1       1.9   2443387153  51419332
hdiskpower20     0.8     246.5       1.9   2641627353  54272344
hdiskpower21     0.8     249.8       1.9   2682228585  50062112
hdiskpower22     0.8     257.3       1.9   2758276505  56363744
hdiskpower23     0.7     213.8       1.8   2289540177  48892908
hdiskpower24     0.9     217.5       1.8   2325939561  52736804
hdiskpower25     0.8     239.8       1.8   2567721265  54656236
hdiskpower26     0.8     230.7       1.8   2472869033  50653868
hdiskpower27     0.8     218.1       1.8   2332986197  52739816
hdiskpower28     0.8     206.6       1.8   2205429633  54399908
hdiskpower29     0.8     215.0       1.8   2297451089  54242824
hdiskpower30     0.9     223.1       1.9   2386554729  53437100
hdiskpower31     0.8     234.4       1.9   2509660009  54430872
hdiskpower32     0.8     228.4       1.9   2443687529  54118320
hdiskpower33     1.8     203.7       7.3   1113424434  1114357876
hdiskpower34     1.8     200.1       7.1   1096841100  1091613684
hdiskpower35     1.8     200.4       7.1   1110201268  1082141744
hdiskpower36     2.0     202.6       7.3   1114054604  1102365696
hdiskpower37     1.9     202.9       7.3   1113509768  1105902336
hdiskpower38     1.8     199.5       7.1   1106701204  1074839384

Disks:        % tm_act     Kbps      tps    Kb_read   Kb_wrtn
hdiskpower39     0.7     543.5       1.2   4633331848  1310982536
hdiskpower40     0.7     544.3       1.2   4643282573  1310040640
hdiskpower41     0.7     546.8       1.2   4668870345  1311693756
hdiskpower42     0.7     546.8       1.2   4668567453  1311703332
hdiskpower43     0.7     546.5       1.2   4665545913  1311562892
hdiskpower44     0.7     546.4       1.2   4665033721  1310894528
hdiskpower45     0.7     546.6       1.2   4667361133  1310489836
hdiskpower46     0.6     545.5       1.2   4655933189  1309818360
hdiskpower47     0.6     544.8       1.2   4648836713  1309360844
hdiskpower48     0.7     545.2       1.2   4650756665  1312210656
hdiskpower49     0.7     545.7       1.2   4657271753  1311067472
hdiskpower50     0.7     546.1       1.2   4661325613  1311708316
hdiskpower51     0.7     546.1       1.2   4660736089  1311691676
hdiskpower52     0.7     547.0       1.2   4671385761  1311556988
hdiskpower53     0.7     546.8       1.2   4669548877  1310902684
hdiskpower54     0.7     545.6       1.2   4657054241  1310480176
hdiskpower55     0.6     545.6       1.2   4657416561  1309824800
hdiskpower56     0.6     545.7       1.2   4658623221  1309367624
hdiskpower57     0.6     545.1       1.2   4653378833  1308722144
hdiskpower58     0.7     545.3       1.2   4655387165  1308550784
hdiskpower59     0.0      19.8       0.0   216219006         0
hdiskpower60     0.0      19.8       0.0   217042297         0
hdiskpower61     0.0      19.8       0.0   217052309         0
hdiskpower62     0.0      19.9       0.0   217052645    126264

Disks:        % tm_act     Kbps      tps    Kb_read   Kb_wrtn
hdiskpower63     0.0      19.8       0.0   217054257         0
hdiskpower64     0.0      19.7       0.0   215593801         0
hdiskpower65     0.0      19.7       0.0   215479749         0
hdiskpower66     0.0      19.7       0.0   215482853         0
hdiskpower68     0.1      32.1       0.3   176763500  174026736
hdiskpower69     0.1      32.0       0.3   176140247  173516768
hdiskpower70     0.1      31.9       0.4   175324423  173617220
hdiskpower71     0.0      14.1       0.2   152345000   1880032
hdiskpower72     3.3     1092.2      67.6   11881338083  64919164
hdiskpower73     1.4     372.6      22.3   4070175123   4689636
hdiskpower76     1.1     898.5       4.3   3275863331  6550930439
hdiskpower77     1.1     897.5       4.3   3269221155  6547030142
hdiskpower78     1.1     898.3       4.3   3276465491  6548469277
hdiskpower79     1.1     899.7       4.3   3281549610  6558486989
hdiskpower80     0.9     615.7       4.7   2508536870  4225147040
hdiskpower81     0.0       0.0       0.0     347074         0
hdiskpower82     0.0       0.0       0.0        219    125780
hdiskpower83     0.0       0.0       0.0     347074         0
hdiskpower84     0.0       0.0       0.0        219    125780
hdiskpower85     0.9     615.4       4.7   2507143650  4223341404
hdiskpower86     0.0       0.1       0.0     676572         0
hdiskpower87     0.0       0.0       0.0        441         0
hdiskpower88     0.0       0.0       0.0        437         0
hdiskpower89     0.0       0.0       0.0        437         0

Disks:        % tm_act     Kbps      tps    Kb_read   Kb_wrtn
hdiskpower90     0.0       0.0       0.0        441         0
hdiskpower91     0.0       0.0       0.0        437         0
hdiskpower92     0.0       0.0       0.0        437         0
hdiskpower93     0.0       0.0       0.0        449    125780
hdiskpower94     0.0       0.0       0.0        437         0
hdiskpower95     0.0       0.0       0.0        441         0
hdiskpower96     0.0       0.0       0.0         16         0
hdisk756         0.0       0.0       0.0      52520     66440
hdisk752         0.0       0.0       0.0      17021     65228
hdisk750         0.0       0.0       0.0      30839     65388
hdisk751         0.0       0.0       0.0      35002     67088
hdisk754         0.0       0.0       0.0     120753     66872
hdisk749         0.0       0.0       0.0      54638     66660
hdisk753         0.0       0.0       0.0      28516     68240
hdisk755         0.0       0.0       0.0      86103     69060
hdiskpower97     0.0       0.1       0.0     425330    534976
hdisk758         0.0       0.9       0.1    4128202   5780320
hdisk757         0.0       0.9       0.1    4145214   5833447
hdisk760         0.0       0.9       0.1    3995657   5760918
hdisk764         0.0       0.9       0.1    4154793   5737856
hdisk762         0.0       0.9       0.1    4042471   5775015
hdisk759         0.0       0.9       0.1    3998661   5753171
hdisk761         0.0       0.9       0.1    4077116   5804982
hdisk763         0.0       0.9       0.1    4073894   5790852

Disks:        % tm_act     Kbps      tps    Kb_read   Kb_wrtn
hdiskpower98     0.1       7.2       0.8   32615946  46236563
==== EXITED with rc 0 ====
==== END iostat -A Tue Jul  7 00:10:39 GST 2015 ====
