==== This output can be found in Systems/dx979/perf/mpstat-a.txt ====
==== START mpstat -a Tue Jul  7 00:32:42 GST 2015 ====

System configuration: lcpu=48 ent=6.0 mode=Uncapped 

cpu    min    maj   mpcs   mpcr    dev   soft    dec     ph     cs    ics  bound     rq   push S3pull  S3grd  S0rd  S1rd  S2rd  S3rd  S4rd  S5rd   sysc    us    sy    wa    id    pc   %ec   ilcs   vlcs S3hrd S4hrd S5hrd
cpu    min    maj   mpcs   mpcr    dev   soft    dec     ph     cs    ics  bound     rq   push S3pull  S3grd  S0rd  S1rd  S2rd  S3rd  S4rd  S5rd   sysc    us    sy    wa    id    pc   %ec   ilcs   vlcs S3hrd S4hrd S5hrd  %nsp
  0 901888157 22617104 75709889 334044 612321476 127628986 1523717869 77888921 6762813371 2195011498      1      4    421 73707528 59400963  95.7   0.2   0.0   2.1   0.0   2.0 34746045249  63.7  35.1   0.8   0.4  0.07   0.0 10412689 1513071084  81.8  18.2   0.0     0
  1 10885676 609069 436341 1719573 565605083 2474305 55684886 5362145 81061347 35978468      0      0      0  73714  13142  82.2  17.2   0.0   0.4   0.0   0.1 294509956   5.2   7.1   2.6  85.1  0.01   0.0 2324085 620873243  91.0   9.0   0.0     0
  2 287291  36251  20006 1728388 557990900 2210728 25839871 2164122 6002196 4561328      1      1      0    156    123  19.6  78.5   0.0   2.0   0.0   0.0 14299083   0.5   5.1   0.2  94.2  0.01   0.0 685209 584261461  92.1   7.9   0.0     0
  3 241377  33265  19377 1728401 552641140 2054986 24541046 2011710 5964829 4627228      0      0      0    158    131  20.7  77.3   0.0   2.0   0.0   0.0 12290603   0.5   5.0   0.3  94.3  0.01   0.0 654320 577831824  92.1   7.9   0.0     0
  4 138902757 6424181 3274608 1659364 170374120 2618416 186396913 33020648 1188113662 248531551      1      4      0 31307040 5089653  85.4   0.2   0.0  11.3   0.0   3.0 4129752004  71.8  26.7   0.9   0.6  0.02   0.0 12548609 394997076  83.8  16.2   0.0     0
  5 2944504 216857   2552 1728408 134862734 1275068 21462650 3585892 32285165 6965465      0      0      0  66829  11857  82.0  16.8   0.0   0.9   0.0   0.2 151685486  14.8   7.9   3.4  73.9  0.00   0.0 3878629 158225329  95.1   4.9   0.0     0
  6  43396   2198   2648 1728403 132100169 1169588 7796704 917613 1371489 501654      0      0      0    177     65  54.4  36.4   0.0   9.2   0.0   0.0 3151319   0.7   5.1   0.1  94.1  0.00   0.0 2299799 138019398  94.6   5.4   0.0     0
  7  37148   1968   2546 1728403 130002863 1102817 7680575 870893 1327510 498143      0      0      0    166    109  54.1  36.9   0.0   9.0   0.0   0.0 3056187   0.7   5.0   0.1  94.3  0.00   0.0 2265906 135813453  94.8   5.2   0.0     0
  8 65852425 2732208 208318 1724378 101346713 1388762 105185304 21240368 586858869 86373062      0      0      0 17645779 2615308  81.8   0.2   0.0  14.6   0.0   3.4 2083374931  74.8  23.1   1.1   1.0  0.01   0.0 12974684 278648250  81.3  18.7   0.0     0
  9 993717  76268   1197 1728414 72594319 874174 14682637 2559562 19220835 2448109      0      0      0  62153  11332  81.2  16.9   0.0   1.5   0.0   0.4 73240709  16.9   7.1   2.1  74.0  0.00   0.0 5487539 87387808  92.6   7.4   0.0     0
 10  33663    651   1147 1728403 70784121 794935 6300798 630731 1218281 356077      0      0      0    218     83  59.9  29.5   0.0  10.6   0.0   0.0 2957110   1.0   5.0   0.1  93.9  0.00   0.0 2633972 74632841  94.4   5.6   0.0     0
 11  33563    691   1142 1728403 69474062 742257 6276939 598969 1183669 355986      0      0      0    168     94  59.7  29.9   0.0  10.4   0.0   0.0 2782637   1.0   4.8   0.1  94.1  0.00   0.0 2600728 73291364  94.5   5.5   0.0     0
 12 476485439 18549399 549550 1718353 474977634 22433547 613824127 53090108 3163437779 742314613      0      0      0 51316790 95247808  93.5   0.4   0.0   1.5   0.0   4.6 9337109393  72.4  25.4   1.3   0.8  0.04   0.0 8286153 1228004636  77.6  22.4   0.0     0
 13 19164877 1141046  42191 1727831 415842487 2108712 74492138 8551161 126453960 38041555      0      0      0  12481  18538  85.5  14.3   0.0   0.2   0.0   0.0 257598491  20.8   9.1   6.0  64.1  0.01   0.0 3342491 497612914  91.3   8.7   0.0     0
 14 228846  26166  12459 1728408 409478021 1998116 19190945 1987596 5033029 2379845      0      0      0     60   2940  59.6  38.6   0.0   1.7   0.0   0.1 6924451   0.9   6.7   0.2  92.2  0.01   0.0 959068 428791088  87.7  12.3   0.0     0
 15 198414  23477  12330 1728404 404327910 1880067 18206548 1870755 4988363 2363416      0      0      0     89   3047  60.0  38.2   0.0   1.7   0.0   0.1 6454287   0.8   6.6   0.2  92.5  0.01   0.0 923156 422874020  87.7  12.3   0.0     0
 16 37756835 1825550  64196 1727266 66214558 924088 66327705 15423392 374072344 48632366      0      0      0 12339574 1843953  79.6   0.2   0.0  16.3   0.0   3.8 1236292032  75.0  22.7   1.2   1.1  0.01   0.0 12884823 194425498  80.0  20.0   0.0     0
 17 603189  50997    631 1728403 46586270 636484 8902536 1996142 14977230 1648761      0      0      0  58415  10569  80.6  17.0   0.0   1.9   0.0   0.5 48617927  18.5   7.2   2.0  72.3  0.00   0.0 4207743 57839082  91.4   8.6   0.0     0
 18  22913    606    612 1728403 45404745 594036 5285835 506357 1170884 337754      0      0      0    172     93  60.1  29.7   0.0  10.2   0.0   0.0 2842048   1.5   5.2   0.1  93.2  0.00   0.0 2670595 48153277  94.5   5.5   0.0     0
 19  11951    706    599 1728403 44483988 543912 5268102 481230 1180689 339034      0      0      0    152     57  60.4  29.1   0.0  10.5   0.0   0.0 2687028   1.4   5.1   0.1  93.4  0.00   0.0 2639496 47234565  94.5   5.5   0.0     0
 20 81450768 3041767   2899 1728613 124228669 1594678 101816215 20215423 562049778 71367202      0      0      0 9145200 27267351  85.4   0.4   0.0   7.8   0.0   6.5 1123120950  78.4  17.9   1.9   1.9  0.01   0.0 10554148 374687354  85.6  14.4   0.0     0
 21 2455965 189361   1870 1728405 99329653 1051975 19702375 5029707 43546096 5774697      0      0      0  11838  18400  88.3  11.2   0.0   0.5   0.0   0.1 84555182  36.1   7.7   3.2  53.1  0.00   0.0 4868844 131603180  95.2   4.8   0.0     0
 22  58826   7970   1815 1728403 96894742 989717 7699678 926475 2266225 550803      0      0      0     49   2727  75.5  20.8   0.0   3.6   0.0   0.1 3895352   2.2   6.6   0.2  91.0  0.00   0.0 2518392 102840968  85.6  14.4   0.0     0
 23  51109   7521   1750 1728403 94942759 932935 7535766 867247 2262065 550418      0      0      0     57   2837  75.8  20.5   0.0   3.6   0.0   0.1 3837487   1.9   6.5   0.2  91.4  0.00   0.0 2476531 100782660  85.7  14.3   0.0     0
 24 13913020 761224  68062 1727023 28972195 579541 21770814 10240306 182484144 23688824      0      0      0 7065499 941549  74.9   0.4   0.0  20.3   0.0   4.5 525174035  79.0  18.8   1.1   1.1  0.00   0.0 11400079 85619814  76.8  23.2   0.0     0
 25 433342  38759    277 1728404 23192616 458132 6651529 1618023 12546417 1327140      0      0      0  59912  11062  80.2  16.9   0.0   2.3   0.0   0.6 37821614  26.5   7.8   2.7  63.0  0.00   0.0 4304619 31631159  90.5   9.5   0.0     0
 26  13859    653    215 1728403 22504130 422824 4168430 390753 1178942 335371      0      0      0    150    146  60.4  29.4   0.0  10.2   0.0   0.0 2727701   2.8   5.3   0.2  91.7  0.00   0.0 2808217 23972189  94.3   5.7   0.0     0
 27  13016    598    232 1728403 21961903 391057 4158646 373749 1163187 335322      0      0      0    157     88  60.1  29.3   0.0  10.5   0.0   0.0 2502170   2.7   5.1   0.2  92.0  0.00   0.0 2781505 23415258  94.3   5.7   0.0     0
 28 47698290 1608950   2023 1728504 89983187 1056685 76236320 13906161 343014502 31935868      0      0      0 4247217 19305094  85.1   0.3   0.0   7.7   0.0   6.9 664687050  77.9  17.3   2.1   2.8  0.00   0.0 10553742 279853357  86.4  13.6   0.0     0
 29 1366218 125774   1007 1728404 62072293 758843 13151227 3932949 31867489 3286664      0      0      0  10274  17593  89.3  10.0   0.0   0.6   0.0   0.1 62462231  39.4   7.8   2.9  49.9  0.00   0.0 5010668 86988924  95.2   4.8   0.0     0
 30  57447   7952    980 1728403 60460520 730115 6664421 710222 2104556 460404      0      0      0     46   2780  76.8  19.3   0.0   3.7   0.0   0.1 3690955   3.0   6.8   0.3  89.9  0.00   0.0 2695047 65108652  84.9  15.1   0.0     0
 31  42898   7898   1022 1728403 59154736 684787 6554911 665949 2037537 452356      0      0      0     38   2736  76.6  19.4   0.0   3.9   0.0   0.1 3507148   2.7   6.6   0.3  90.4  0.00   0.0 2651934 63710764  84.5  15.5   0.0     0
 32 7370166 403002    219 1728457 17248015 422369 12359544 7482978 113158859 14786183      0      0      0 4768138 636996  72.3   0.5   0.0  22.3   0.0   5.0 308400878  80.7  16.9   1.2   1.2  0.00   0.0 10495344 50417467  74.4  25.6   0.0     0
 33 307242  33303    131 1728403 14345059 364882 5698637 1383564 10772511 1145861      0      0      0  57619  10642  79.9  16.8   0.0   2.6   0.0   0.6 30344949  32.6   8.4   3.2  55.8  0.00   0.0 4260582 21225480  90.1   9.9   0.0     0
 34  16004    611    137 1728403 13881732 327549 3831747 336417 1152505 334285      0      0      0    152     63  60.1  30.0   0.0   9.9   0.0   0.0 2623057   4.3   5.6   0.3  89.9  0.00   0.0 2852689 14930175  94.3   5.7   0.0     0
 35  14621    480    106 1728403 13517185 309660 3817690 320187 1161466 336968      0      0      0    172     31  60.0  29.4   0.0  10.6   0.0   0.0 2679362   4.1   5.3   0.3  90.2  0.00   0.0 2823412 14557975  94.3   5.7   0.0     0
 36 285256776 8935633 744780 1714032 399964736 13301890 351328836 30571290 1332573561 152694537      0      0      0 15380559 72097496  92.3   1.2   0.0   0.0   0.0   6.5 5780483366  69.2  23.3   3.8   3.7  0.02   0.0 4047812 1082328255  79.9  20.1   0.0     0
 37 40655154 1885382  10935 1728842 324520094 2450575 92747384 15410049 201949520 23250290      0      0      0    548 139407  89.2  10.8   0.0   0.0   0.0   0.1 791647880  54.6  10.4   5.5  29.5  0.01   0.0 3640937 460550135  88.6  11.4   0.0     0
 38 3037861 188727  10472 1728535 317054557 1867435 31511404 4590563 30995014 2992487      0      0      0      0 126815  90.4   9.2   0.0   0.0   0.0   0.4 74658295  11.0   8.8   1.7  78.6  0.01   0.0 1631556 359258567  94.6   5.4   0.0     0
 39 2745091 180853  10562 1728461 312126197 1818531 29776573 4115557 30324460 2753879      0      0      0      1 126820  90.6   9.0   0.0   0.0   0.0   0.4 72347823   9.2   8.7   1.7  80.4  0.01   0.0 1526133 353786071  94.4   5.6   0.0     0
 40 20719611 765688    641 1728461 39778673 712276 34942547 9425822 190601321 17655461      0      0      0 2385426 12639121  83.4   0.3   0.0   8.3   0.0   8.0 364782718  79.5  15.2   2.3   2.9  0.00   0.0 8982590 148323775  85.3  14.7   0.0     0
 41 985288  98160    498 1728403 33333277 558571 9250269 3141581 24734418 2276129      0      0      0   9195  17100  89.8   9.3   0.0   0.7   0.0   0.1 48835552  47.5   7.9   3.2  41.4  0.00   0.0 4970967 52326180  95.2   4.8   0.0     0
 42  35823   6641    449 1728403 32358927 523453 5146674 558739 1961806 431711      0      0      0     56   2931  76.6  19.3   0.0   3.9   0.0   0.2 3439136   4.8   6.9   0.4  87.9  0.00   0.0 2752203 35410183  84.2  15.8   0.0     0
 43  34615   7001    483 1728403 31578586 493461 5077276 527518 1918635 429973      0      0      0     88   2795  76.4  19.3   0.0   4.1   0.0   0.2 3262082   4.5   6.7   0.5  88.4  0.00   0.0 2720740 34553528  84.0  16.0   0.0     0
 44 4682421 265532  63936 1727556 612919936 3094188 47086083 7508189 79633997 10612185      0      0      0 3484076 464746  71.0   0.6   0.0  23.1   0.0   5.2 211053202  43.7  47.4   0.7   8.2  0.00   0.0 7450291 677661761  73.5  26.5   0.0     0
 45 291313  29871 169292 1724806 9892978 284388 5130030 1227989 9479622 1045637      0      0      0  55336   9943  79.5  17.0   0.0   2.8   0.0   0.7 26004040  13.8   3.2   1.3  81.7  0.00   0.0 4069133 15623952  89.8  10.2   0.0     0
 46  11153    571     93 1728403 9557367 259918 3673287 298921 1148513 333938      0      0      0    242     67  60.3  29.9   0.0   9.7   0.0   0.0 2843026   1.7   1.6   0.1  96.6  0.00   0.0 2792360 10425203  94.4   5.6   0.0     0
 47   9873    592     84 1728403 9295631 241860 3658338 282557 1178007 338431      0      0      0    225     76  60.5  29.2   0.0  10.3   0.0   0.0 2497579   1.5   1.5   0.1  96.9  0.00   0.0 2766182 10169057  94.4   5.6   0.0     0
ALL 2170343908 72969132 81457309 81456198 8052483666 212136279 3718210779 380817200 15598000654 3793748937      3      9    421 233274089 298117277  91.5   1.0   0.0   4.1   0.0   3.4 62659555751  45.1  19.2   1.6  34.0  0.31   5.1 225086351 12273750254  81.5  18.5   0.0     0
==== EXITED with rc 0 ====
==== END mpstat -a Tue Jul  7 00:32:42 GST 2015 ====
