==== This output can be found in Systems/dx988/network/netstat-m.txt ====
==== START netstat -m Thu Aug  6 11:20:36 GST 2015 ====

Kernel malloc statistics:

******* CPU 0 *******
By size           inuse     calls failed   delayed    free   hiwat   freed
64                  747     19590      0        17     405   83880       0
128                 244     31549      0        87    2540   62910       0
256                8256     87618      0      1170   10480  125820       0
512               11318    208888      0      3139   13802  262125       0
1024                355     16349      0       171     349   62910       0
2048               4140     34959      0      4119    4098  157275       0
4096                 41       574      0        22       4   10485       0
8192                  7       103      0         8       1    2621       0
16384              1025      8203      0       275    1024    1310       0
32768               131      1053      0        70     130     655       0
65536                97       961      0       120     128     655       0
131072                2        16      0         0     821    1638       0


******* CPU 1 *******
By size           inuse     calls failed   delayed    free   hiwat   freed
64                    1        33      0         1      63   83880       0
128                   1         1      0         0      31   62910       0
256                   0        33      0         1      16  125820       0
512                   0      5368      0         0       8  262125       0
1024                  0         2      0         1       4   62910       0
2048                  1         2      0         0       1  157275       0
4096                  0         0      0         0      26   10485       0
8192                  0         2      0         1      16    2621       0
131072                0         0      0         0      16      32       0


******* CPU 2 *******
By size           inuse     calls failed   delayed    free   hiwat   freed
64                    0        17      0         0      64   83880       0
256                   0        17      0         0      16  125820       0
512                   0      5375      0         0      16  262125       0
4096                  0         0      0         0      28   10485       0
131072                0         0      0         0      16      32       0


******* CPU 3 *******
By size           inuse     calls failed   delayed    free   hiwat   freed
64                    0        30      0         0      64   83880       0
256                   0        30      0         0      16  125820       0
512                   0      5236      0         0       8  262125       0
4096                  0         0      0         0      29   10485       0
131072                0         0      0         0      16      32       0


******* CPU 4 *******
By size           inuse     calls failed   delayed    free   hiwat   freed
64                   60      7255      0         3     196   83880       0
128                  24      8992      0         0     200   62910       0
256                4122      5017      0       257      54  125820       0
512                4188     26600      0       511      84  262125       0
1024                 34      6588      0        63     222   62910       0
2048               4117      4611      0      2057       7  157275       0
4096                  4        96      0         2      22   10485       0
8192                  0        24      0         4      21    2621       0
16384                 0        12      0         3       8    1310       0
32768                 1        12      0         2       0     655       0
131072                0         4      0         0     819    1638       0


******* CPU 5 *******
By size           inuse     calls failed   delayed    free   hiwat   freed
64                    7        49      0         1      57   83880       0
128                   5        14      0         0      27   62910       0
256                   0        23      0         0      16  125820       0
512                   5      2264      0         3      27  262125       0
1024                  5        42      0         5      15   62910       0
2048                  3         9      0         2       3  157275       0
4096                  0         0      0         0      17   10485       0
8192                  0         3      0         1       4    2621       0
32768                 0         1      0         1       3     655       0
131072                0         0      0         0      16      32       0


******* CPU 6 *******
By size           inuse     calls failed   delayed    free   hiwat   freed
64                    0         3      0         0      64   83880       0
256                   0         3      0         0      16  125820       0
512                   0      1334      0         0       8  262125       0
4096                  0         0      0         0      29   10485       0
131072                0         0      0         0      16      32       0


******* CPU 7 *******
By size           inuse     calls failed   delayed    free   hiwat   freed
512                   0      1285      0         0      16  262125       0
4096                  0         0      0         0      30   10485       0
131072                0         0      0         0      16      32       0


******* CPU 8 *******
By size           inuse     calls failed   delayed    free   hiwat   freed
64                    6      1164      0         2     186   83880       0
128                   9      1120      0         1     151   62910       0
256                  11       191      0         1      21  125820       0
512                  14      3350      0         2      26  262125       0
1024                  4      1086      0        31     124   62910       0
2048                  9        91      0         4       3  157275       0
4096                  4         9      0         2       1   10485       0
8192                  0        10      0         0       3    2621       0
16384                 0         2      0         1       8    1310       0
131072                0         0      0         0      16      32       0


******* CPU 9 *******
By size           inuse     calls failed   delayed    free   hiwat   freed
512                   0        70      0         0       8  262125       0
4096                  0         0      0         0      31   10485       0
131072                0         0      0         0      16      32       0


******* CPU 10 *******
By size           inuse     calls failed   delayed    free   hiwat   freed
512                   0        69      0         0       8  262125       0
4096                  0         0      0         0      31   10485       0
131072                0         0      0         0      16      32       0


******* CPU 11 *******
By size           inuse     calls failed   delayed    free   hiwat   freed
512                   0        86      0         0       8  262125       0
4096                  0         0      0         0      31   10485       0
131072                0         0      0         0      16      32       0


******* CPU 12 *******
By size           inuse     calls failed   delayed    free   hiwat   freed
64                    9       543      0         1     119   83880       0
128                   2       374      0         1      62   62910       0
256                   5       147      0         1      27  125820       0
512                  29      1506      0         4      75  262125       0
1024                  4       493      0        18      68   62910       0
2048                  6        52      0         4       6  157275       0
4096                  1        19      0         0       2   10485       0
8192                  0         6      0         1       9    2621       0
16384                 0         5      0         1       8    1310       0
131072                0         0      0         0      16      32       0


******* CPU 13 *******
By size           inuse     calls failed   delayed    free   hiwat   freed
64                    1        91      0         1      63   83880       0
128                   0         6      0         0      32   62910       0
256                   0        66      0         1      16  125820       0
512                   1       444      0         4      55  262125       0
1024                  1        91      0        12      47   62910       0
2048                  0         2      0         1       2  157275       0
4096                  0         1      0         0       9   10485       0
8192                  0         4      0         1      16    2621       0
131072                0         0      0         0      16      32       0


******* CPU 14 *******
By size           inuse     calls failed   delayed    free   hiwat   freed
512                   0        96      0         0       8  262125       0
4096                  0         0      0         0      31   10485       0
131072                0         0      0         0      16      32       0


******* CPU 15 *******
By size           inuse     calls failed   delayed    free   hiwat   freed
64                    0         1      0         0      64   83880       0
512                   0        94      0         0       8  262125       0
2048                  0         1      0         0       2  157275       0
4096                  0         0      0         0      29   10485       0
131072                0         0      0         0      16      32       0


******* CPU 16 *******
By size           inuse     calls failed   delayed    free   hiwat   freed
64                    9       659      0         2     119   83880       0
128                   7       605      0         1     121   62910       0
256                   3       199      0         1      45  125820       0
512                   3      8107      0         3      37  262125       0
1024                  2       574      0        27     110   62910       0
2048                  5        70      0         6      13  157275       0
4096                  1        13      0         2       4   10485       0
8192                  0         7      0         0       4    2621       0
16384                 0         2      0         1       2    1310       0
32768                 1         2      0         1       2     655       0
131072                0         0      0         0     819    1638       0


******* CPU 17 *******
By size           inuse     calls failed   delayed    free   hiwat   freed
512                   0        49      0         0       8  262125       0
4096                  0         0      0         0      31   10485       0
131072                0         0      0         0      16      32       0


******* CPU 18 *******
By size           inuse     calls failed   delayed    free   hiwat   freed
512                   0        55      0         0       8  262125       0
4096                  0         0      0         0      31   10485       0
131072                0         0      0         0      16      32       0


******* CPU 19 *******
By size           inuse     calls failed   delayed    free   hiwat   freed
512                   0        56      0         0       8  262125       0
4096                  0         0      0         0      31   10485       0
131072                0         0      0         0      16      32       0


******* CPU 20 *******
By size           inuse     calls failed   delayed    free   hiwat   freed
64                   62      6793      0         3     258   83880       0
128                7201     13416      0       230     255   62910       0
256               23316     23754      0      1458      60  125820       0
512               30589     48209      0      3825      91  262125       0
1024                 23      5998      0        64     241   62910       0
2048               8219      8705      0      4101       9  157275       0
4096                 17       212      0         1      17   10485       0
8192                  2        20      0         6      24    2621       0
16384              2048      2062      0       265      14    1310       0
32768               260       270      0        71       0     655       0
65536               288       288      0       144       0     655       0
131072                6         6      0         0     819    1638       0


******* CPU 21 *******
By size           inuse     calls failed   delayed    free   hiwat   freed
64                    6        49      0         1      58   83880       0
128                   8       383      0        10     344   62910       0
256                   1        23      0         0      15  125820       0
512                   4       930      0         4      36  262125       0
1024                  6        37      0         5      14   62910       0
2048                  1        11      0         1       3  157275       0
4096                  0         7      0         0       7   10485       0
8192                  0         2      0         1       8    2621       0
65536                 0        32      0        16      31     655       0
131072                0         0      0         0     819    1638       0


******* CPU 22 *******
By size           inuse     calls failed   delayed    free   hiwat   freed
64                    0         4      0         0      64   83880       0
128                   0        16      0         0      32   62910       0
256                   0        40      0         0      16  125820       0
512                   0       675      0         0       8  262125       0
4096                  0         0      0         0      28   10485       0
131072                0         0      0         0      16      32       0


******* CPU 23 *******
By size           inuse     calls failed   delayed    free   hiwat   freed
64                    0         1      0         0      64   83880       0
128                   0         2      0         0      32   62910       0
256                   0         5      0         0      16  125820       0
512                   0       691      0         0       8  262125       0
4096                  0         0      0         0      28   10485       0
131072                0         0      0         0      16      32       0

Streams mblk statistic failures:
0 high priority mblk failures
0 medium priority mblk failures
0 low priority mblk failures
==== EXITED with rc 0 ====
==== END netstat -m Thu Aug  6 11:20:36 GST 2015 ====
