==== This output can be found in Systems/dx976/network/netstat-m.txt ====
==== START netstat -m Tue Jul  7 13:08:09 CDT 2015 ====

Kernel malloc statistics:

******* CPU 0 *******
By size           inuse     calls failed   delayed    free   hiwat   freed
64                  158    389846      0         2     162    6984       0
128                2228    122862      0       165    3084    5238       0
256               31759    428501      0      3056   10465   10476     417
512               29244 138833403      0      6130   19828   21825       0
1024                331    174668      0       106     105    5238       0
2048               4124   1148047      0      4101    4096   13095       0
4096                 58     26069      0         7     153     873       0
8192                 14    522447      0         3       5     218       0
16384              2048     33173      0      1082     115     109    6216
32768               265      1725      0       292     123      54     810
65536               162      1145      0       252      73      54     332
131072                4        87      0         0     136     136     810


******* CPU 1 *******
By size           inuse     calls failed   delayed    free   hiwat   freed
64                    0       173      0         0      64    6984       0
128                   1        21      0         0      31    5238       0
256                   0       162      0         0      16   10476       0
512                   3  94680232      0         0     173   21825       0
1024                  0        21      0         1       4    5238       0
2048                  0       127      0         0      20   13095       0
8192                  0        29      0         0      14     218       0
131072                0         1      0         0      16      32       0


******* CPU 2 *******
By size           inuse     calls failed   delayed    free   hiwat   freed
64                   25       186      0         0      39    6984       0
128                   0         6      0         0      32    5238       0
256                   0       151      0         0      16   10476       0
512                   0  94301700      0         0     264   21825       0
1024                  0         4      0         0       4    5238       0
2048                  0        72      0         0      34   13095       0
4096                  0         1      0         0       0     873       0
8192                  0         1      0         1       5     218       0
16384                 0         1      0         1       8     109       0
131072                0         0      0         0      16      32       0


******* CPU 3 *******
By size           inuse     calls failed   delayed    free   hiwat   freed
64                    0       137      0         0      64    6984       0
128                   0         5      0         0      32    5238       0
256                   0       134      0         0      16   10476       0
512                   0  88111802      0         0     240   21825       0
1024                  0         3      0         1       4    5238       0
2048                  0        27      0         0       2   13095       0
4096                  0         0      0         0      29     873       0
8192                  0         1      0         0      16     218       0
131072                0         0      0         0      16      32       0


******* CPU 4 *******
By size           inuse     calls failed   delayed    free   hiwat   freed
64                   19    321817      0         1     109    6984       0
128                 109    127275      0        99    3091    5238       0
256                  55    473256      0      1610   10457   10476     957
512                1477 137009777      0      1698   15107   21825       0
1024                 13    165145      0        24     107    5238       0
2048                  7   1108773      0      2036    4101   13095       0
4096                  3     24783      0        11     141     873       0
8192                  9    517061      0        20      15     218       0
16384                 0     40501      0      1976     109     109   15054
32768                 0      2360      0       400      63      54    1444
65536                 0      1757      0       377      68      54     728
131072                0        95      0         0     136     136    2037


******* CPU 5 *******
By size           inuse     calls failed   delayed    free   hiwat   freed
64                    0       170      0         0      64    6984       0
128                   0        24      0         0      32    5238       0
256                   0       185      0         0      16   10476       0
512                   0  94539432      0         0     384   21825       0
1024                  0        18      0         1       4    5238       0
2048                  0       410      0         0     336   13095       0
4096                  0         4      0         0       4     873       0
8192                  0        34      0         0      16     218       0
16384                 0         2      0         1       0     109       0
131072                0         0      0         0      16      32       0


******* CPU 6 *******
By size           inuse     calls failed   delayed    free   hiwat   freed
64                    1       162      0         0      63    6984       0
128                   1        10      0         0      31    5238       0
256                   0       139      0         0      16   10476       0
512                   0  94626359      0         0     168   21825       0
1024                  0         5      0         0       4    5238       0
2048                  1        81      0         0      17   13095       0
4096                  0         0      0         0      30     873       0
8192                  0         1      0         0      16     218       0
131072                0         0      0         0      16      32       0


******* CPU 7 *******
By size           inuse     calls failed   delayed    free   hiwat   freed
64                    0       146      0         0      64    6984       0
128                   0         4      0         0      32    5238       0
256                   0       128      0         0      16   10476       0
512                   0  88449435      0         0     232   21825       0
1024                  0        14      0         1       8    5238       0
2048                  0        77      0         0      24   13095       0
4096                  0         0      0         0      18     873       0
131072                0         0      0         0      16      32       0


******* CPU 8 *******
By size           inuse     calls failed   delayed    free   hiwat   freed
64                   76    314942      0         1     116    6984       0
128               13386    128995      0       511    3062    5238       0
256               69539    419104      0      5335   10461   10476     336
512               81093 155027913      0     11804   15163   21825       0
1024                 89    157780      0        52     123    5238       0
2048              20497   1215964      0     12291    4099   13095       0
4096                 23     24931      0         3     111     873       0
8192                  7    573497      0         8       4     218       0
16384             10240     42560      0      2399     108     109    7508
32768              1283      2229      0       491      76      54     560
65536               805      1508      0       589      86      54     322
131072               10        79      0         0     136     136     879


******* CPU 9 *******
By size           inuse     calls failed   delayed    free   hiwat   freed
64                    4       144      0         0      60    6984       0
128                   4        15      0         0      28    5238       0
256                   0       132      0         0      16   10476       0
512                   1  94913603      0         0     295   21825       0
1024                  4        16      0         1       4    5238       0
2048                  0       362      0         0     286   13095       0
4096                  0         4      0         0       7     873       0
8192                  0        33      0         0      16     218       0
131072                0         0      0         0      16      32       0


******* CPU 10 *******
By size           inuse     calls failed   delayed    free   hiwat   freed
64                    0       152      0         0      64    6984       0
128                   0         4      0         0      32    5238       0
256                   0       137      0         0      16   10476       0
512                   0  94328691      0         0     168   21825       0
1024                  0         4      0         0       4    5238       0
2048                  0        83      0         0      40   13095       0
4096                  0         0      0         0      19     873       0
131072                0         0      0         0      16      32       0


******* CPU 11 *******
By size           inuse     calls failed   delayed    free   hiwat   freed
64                    0       159      0         0      64    6984       0
128                   0         4      0         0      32    5238       0
256                   0       147      0         0      16   10476       0
512                   0  88238915      0         0     280   21825       0
1024                  0         4      0         0       4    5238       0
2048                  0       166      0         0      86   13095       0
4096                  0         1      0         0       0     873       0
8192                  0         2      0         0       7     218       0
131072                0         0      0         0      16      32       0


******* CPU 12 *******
By size           inuse     calls failed   delayed    free   hiwat   freed
64                   31    311513      0         2     161    6984       0
128                  19    139994      0        80    2605    5238       0
256                   3    558828      0      2238   10461   10476    1584
512                1283 137243105      0      1679   15573   21825       0
1024                 20    156522      0        18      56    5238       0
2048                  2   1086261      0      2053    4122   13095       0
4096                  0     25038      0         5     147     873       0
8192                  1    490712      0         6       4     218       0
16384                 1     49272      0      3129     108     109   22678
32768                 0      3209      0       533      98      54    1996
65536                 0      2447      0       567     112      54    1046
131072                0       121      0         0     136     136    2945


******* CPU 13 *******
By size           inuse     calls failed   delayed    free   hiwat   freed
64                    0       150      0         0      64    6984       0
128                   0         8      0         0      32    5238       0
256                   0       140      0         0      16   10476       0
512                   1  94651425      0         0     119   21825       0
1024                  0         9      0         0       4    5238       0
2048                  0       197      0         0      46   13095       0
4096                  0         1      0         0      22     873       0
8192                  0        43      0         0      16     218       0
131072                0         0      0         0      16      32       0


******* CPU 14 *******
By size           inuse     calls failed   delayed    free   hiwat   freed
64                    0       134      0         0      64    6984       0
128                   0         2      0         0      32    5238       0
256                   0       124      0         0      16   10476       0
512                   0  94943806      0         0     112   21825       0
1024                  0         3      0         0       4    5238       0
2048                  0       160      0         0      92   13095       0
8192                  0         7      0         0      16     218       0
131072                0         0      0         0      16      32       0


******* CPU 15 *******
By size           inuse     calls failed   delayed    free   hiwat   freed
64                    0       152      0         0      64    6984       0
128                   0         6      0         0      32    5238       0
256                   0       142      0         0      16   10476       0
512                   0  88609477      0         0     152   21825       0
1024                  0         4      0         0       4    5238       0
2048                  0        66      0         0      34   13095       0
4096                  0         0      0         0      24     873       0
8192                  0         1      0         0      16     218       0
131072                0         0      0         0      16      32       0


******* CPU 16 *******
By size           inuse     calls failed   delayed    free   hiwat   freed
64                   64    327106      0         2     128    6984       0
128                  38    121754      0        84    2714    5238       0
256                  24    419906      0      1312   10472   10476     658
512                1382 136448601      0      1690   15242   21825       0
1024                 47    176617      0        31      81    5238       0
2048                  5   1013169      0      2046    4101   13095       0
4096                  3     24349      0         9     145     873       0
8192                  4    470191      0        10       2     218       0
16384                 1     36261      0      1669     108     109   11216
32768                 0      1312      0       215      52      54     770
65536                 0      1110      0       252      58      54     406
131072                0        92      0         0     136     136    1255


******* CPU 17 *******
By size           inuse     calls failed   delayed    free   hiwat   freed
64                    1       182      0         0      63    6984       0
128                   0        61      0         0      32    5238       0
256                   0       271      0         0      16   10476       0
512                   2  94673915      0         0     398   21825       0
1024                  0        27      0         0       8    5238       0
2048                  0       816      0         0     394   13095       0
4096                  0         2      0         0       4     873       0
8192                  0        31      0         0      16     218       0
16384                 0         1      0         1       8     109       0
131072                0         0      0         0      16      32       0


******* CPU 18 *******
By size           inuse     calls failed   delayed    free   hiwat   freed
64                    1       156      0         0      63    6984       0
128                   0         4      0         0      32    5238       0
256                   0       132      0         0      16   10476       0
512                   0  94290364      0         0    1000   21825       0
1024                  0         5      0         0       4    5238       0
2048                  0      1305      0         0    1000   13095       0
4096                  0         0      0         0      11     873       0
131072                0         0      0         0      16      32       0


******* CPU 19 *******
By size           inuse     calls failed   delayed    free   hiwat   freed
64                    0       145      0         0      64    6984       0
128                   0         5      0         0      32    5238       0
256                   0       128      0         0      16   10476       0
512                   0  88316373      0         0     712   21825       0
1024                  0         3      0         0       4    5238       0
2048                  0       752      0         0     710   13095       0
131072                0         0      0         0      16      32       0


******* CPU 20 *******
By size           inuse     calls failed   delayed    free   hiwat   freed
64                   86    289088      0         2     106    6984       0
128                  62    118266      0        81    2562    5238       0
256                   9    334872      0      1071   10471   10476     416
512                1421 137131419      0      1736   15355   21825       0
1024                 71    162407      0        42     109    5238       0
2048                  6    614749      0      2051    4124   13095       0
4096                  1     24584      0         2     142     873       0
8192                  0    271067      0        14      15     218       0
16384                 1     31780      0       971     109     109    7316
32768                 0      1473      0       233      85      54     854
65536                 0       949      0       188      60      54     364
131072                0        69      0         0     136     136     930


******* CPU 21 *******
By size           inuse     calls failed   delayed    free   hiwat   freed
64                    0       180      0         0      64    6984       0
128                   0         8      0         0      32    5238       0
256                   0       176      0         0      16   10476       0
512                   0  94777381      0         0     104   21825       0
1024                  0        17      0         0       8    5238       0
2048                  0       109      0         0      52   13095       0
8192                  0        25      0         0      10     218       0
131072                0         0      0         0      16      32       0


******* CPU 22 *******
By size           inuse     calls failed   delayed    free   hiwat   freed
64                    0       153      0         0      64    6984       0
128                   0         5      0         0      32    5238       0
256                   0       131      0         0      16   10476       0
512                   0  94503135      0         0     128   21825       0
1024                  0         3      0         1       4    5238       0
2048                  0       138      0         0      32   13095       0
4096                  0         0      0         0      28     873       0
131072                0         0      0         0      16      32       0


******* CPU 23 *******
By size           inuse     calls failed   delayed    free   hiwat   freed
64                    0       144      0         0      64    6984       0
128                   0         5      0         0      32    5238       0
256                   0       129      0         0      16   10476       0
512                   0  98109116      0         0     104   21825       0
1024                  0         4      0         0       4    5238       0
2048                  0       387      0         0      78   13095       0
4096                  0         0      0         0       8     873       0
131072                0         0      0         0      16      32       0

Streams mblk statistic failures:
0 high priority mblk failures
0 medium priority mblk failures
0 low priority mblk failures
==== EXITED with rc 0 ====
==== END netstat -m Tue Jul  7 13:08:09 CDT 2015 ====
