==== This output can be found in Systems/dx979/network/netstat-m.txt ====
==== START netstat -m Tue Jul  7 00:42:07 GST 2015 ====

Kernel malloc statistics:

******* CPU 0 *******
By size           inuse     calls failed   delayed    free   hiwat   freed
64                 1217   7028712      0        29    1215   96336       0
128                3350   6129649      0       106     714   72252       0
256               17533   2745595      0      1265    2819  144504       0
512               22357 5680222331      0      2951    2835  301050       0
1024                792   1905143      0       378     736   72252       0
2048               9372   4458255      0      6035    2810  180630       0
4096                116   1311092      0        34      29   12042       0
8192                 11     60687      0       132      61    3010       0
16384              1261     15167      0       299     130    1505       0
32768               360   1053699      0       438     622     752     266
65536               243 127870685      0       294     161     752       0
131072                8       888      0         0     117     200       0


******* CPU 1 *******
By size           inuse     calls failed   delayed    free   hiwat   freed
64                   53     35313      0         1     139   96336       0
128                  15      5936      0         0      81   72252       0
256                  57    181682      0        58     887  144504       0
512                  74 391731614      0        48     918  301050       0
1024                 12     22485      0        21      72   72252       0
2048                 88    177591      0       466     860  180630       0
4096                  0      8450      0        10      38   12042       0
8192                  3      4975      0        45      30    3010       0
16384                 3      3696      0         8      10    1505       0
32768                52     19368      0        57     123     752       0
65536                 0   3727690      0        60      32     752       0
131072                0        16      0         0      17      32       0


******* CPU 2 *******
By size           inuse     calls failed   delayed    free   hiwat   freed
64                   28     11257      0         0     164   96336       0
128                   3       472      0         0      29   72252       0
256                   6     17037      0        17     266  144504       0
512                  28 289164101      0        14     292  301050       0
1024                  0      4180      0         3      16   72252       0
2048                 32     25304      0       143     268  180630       0
4096                  0      3565      0         0      49   12042       0
8192                  0       601      0        22      14    3010       0
16384                 0      3251      0         1      11    1505       0
32768                29      9763      0         6     121     752       0
65536                 0     29827      0        31      20     752       0
131072                0         9      0         0      17      32       0


******* CPU 3 *******
By size           inuse     calls failed   delayed    free   hiwat   freed
64                   35     11290      0         0     157   96336       0
128                   7       667      0         0      25   72252       0
256                   6     15309      0        26     410  144504       0
512                  19 284277404      0        22     429  301050       0
1024                  2      4391      0         5      18   72252       0
2048                 33     24251      0       202     391  180630       0
4096                  0      3520      0         0      47   12042       0
8192                  0       595      0        26      17    3010       0
16384                 0      3173      0         6       6    1505       0
32768                39      9830      0        12     110     752       0
65536                 0     32446      0        29      18     752       0
131072                0         4      0         0      16      32       0


******* CPU 4 *******
By size           inuse     calls failed   delayed    free   hiwat   freed
64                   42    421530      0         3     150   96336       0
128                  19    120078      0         6     365   72252       0
256                  80    630390      0       124    1904  144504       0
512                  90 1895862578      0       147    1966  301050       0
1024                 25    184584      0        43     147   72252       0
2048                 76    692869      0       979    1908  180630       0
4096                  3     84977      0         9      42   12042       0
8192                  4     22946      0        73      38    3010       0
16384                 1      2932      0        78     131    1505       0
32768                33     93639      0       105      26     752       0
65536                 0  44346800      0        92      58     752       0
131072                0       428      0         0      18      32       0


******* CPU 5 *******
By size           inuse     calls failed   delayed    free   hiwat   freed
64                    4      8706      0         1      60   96336       0
128                   0      1562      0         0      32   72252       0
256                  73    125097      0        40     567  144504       0
512                  75 176492950      0        50     589  301050       0
1024                  1      6266      0         9      35   72252       0
2048                 70    121146      0       309     554  180630       0
4096                  0      2207      0         0      30   12042       0
8192                  3      1807      0        22      29    3010       0
16384                 0       628      0         6       7    1505       0
32768                 7      5399      0        21      16     752       0
65536                 0   1320899      0        32      31     752       0
131072                0        14      0         0      17      32       0


******* CPU 6 *******
By size           inuse     calls failed   delayed    free   hiwat   freed
64                    4      2581      0         0      60   96336       0
128                   0        61      0         0      32   72252       0
256                   4      6553      0        19     300  144504       0
512                   9 114254839      0        23     327  301050       0
1024                  0       470      0         2       8   72252       0
2048                  4      8324      0       142     290  180630       0
4096                  0      1074      0         1      18   12042       0
8192                  0        58      0         6       3    3010       0
16384                 3       445      0         1       2    1505       0
32768                 4      2449      0         2      12     752       0
65536                 0      2444      0        12       8     752       0
131072                0         0      0         0      16      32       0


******* CPU 7 *******
By size           inuse     calls failed   delayed    free   hiwat   freed
64                    1      2528      0         0      63   96336       0
128                   0        55      0         0      32   72252       0
256                   0      5604      0        18     288  144504       0
512                   0 110952208      0        20     304  301050       0
1024                  0       437      0         3      12   72252       0
2048                  1      7547      0       135     279  180630       0
4096                  0      1121      0         0      13   12042       0
8192                  0        54      0         6       1    3010       0
16384                 0       445      0         2       4    1505       0
32768                 1      2365      0         2       8     752       0
65536                 0      2553      0         9       7     752       0
131072                0         0      0         0      16      32       0


******* CPU 8 *******
By size           inuse     calls failed   delayed    free   hiwat   freed
64                   35    187409      0         2     157   96336       0
128                  23     53924      0         8     361   72252       0
256                  75    519870      0        84    1285  144504       0
512                  84 1066722549      0       154    1748  301050       0
1024                 26     99996      0        31     110   72252       0
2048                 70    509320      0       606    1166  180630       0
4096                  3     32556      0         7       6   12042       0
8192                  3     18591      0        40       2    3010       0
16384                 1      2276      0        70     127    1505       0
32768                31     55269      0        71      14     752       0
65536                 0  17961078      0        73      57     752       0
131072                0       332      0         0     942    1881       0


******* CPU 9 *******
By size           inuse     calls failed   delayed    free   hiwat   freed
64                   10      4542      0         1      54   96336       0
128                   1      1069      0         0      63   72252       0
256                  51     92270      0        27     397  144504       0
512                  53 113658690      0        26     419  301050       0
1024                  3      3895      0        10      37   72252       0
2048                 53     88855      0       215     387  180630       0
4096                  1      1180      0         1      15   12042       0
8192                  2       746      0        36      24    3010       0
16384                 0       457      0         8       3    1505       0
32768                10      3260      0        22      14     752       0
65536                 0    346720      0        21      19     752       0
131072                0        11      0         0      18      32       0


******* CPU 10 *******
By size           inuse     calls failed   delayed    free   hiwat   freed
64                    4      1557      0         0      60   96336       0
128                   0        52      0         0      32   72252       0
256                   0      4082      0        10     160  144504       0
512                   0  71062355      0        12     184  301050       0
1024                  0       205      0         3      12   72252       0
2048                  4      5237      0        75     154  180630       0
4096                  0       707      0         0      15   12042       0
8192                  0        23      0         0       0    3010       0
16384                 0       355      0         2       5    1505       0
32768                 4      1457      0         2       5     752       0
65536                 0      1139      0         6       6     752       0
131072                0         0      0         0      16      32       0


******* CPU 11 *******
By size           inuse     calls failed   delayed    free   hiwat   freed
64                    1      1608      0         1      63   96336       0
128                   0        84      0         0      32   72252       0
256                   0      3573      0        16     256  144504       0
512                   6  68576944      0        11     258  301050       0
1024                  0       222      0         8      32   72252       0
2048                  1      4751      0       116     241  180630       0
4096                  0       672      0         0      16   12042       0
8192                  0        34      0         2       4    3010       0
16384                 0       333      0         2      11    1505       0
32768                 1      1492      0         3      12     752       0
65536                 0      1120      0         7       6     752       0
131072                0         0      0         0      16      32       0


******* CPU 12 *******
By size           inuse     calls failed   delayed    free   hiwat   freed
64                  190   2652992      0        12     770   96336       0
128                 127    590715      0        16     609   72252       0
256                 113   1371672      0       149    2303  144504       0
512                 168 4606066396      0       271    2328  301050       0
1024                160   1007313      0       169     536   72252       0
2048                130   2059902      0      1210    2298  180630       0
4096                  4    248125      0        26      27   12042       0
8192                  9     42458      0       104      59    3010       0
16384                 3     12572      0       110     109    1505       0
32768                87    714442      0       311     692     752       0
65536                 0 145092778      0       126      58     752       0
131072                0       724      0         0     366     712       0


******* CPU 13 *******
By size           inuse     calls failed   delayed    free   hiwat   freed
64                   14     54773      0         4     242   96336       0
128                   7      8178      0         0      89   72252       0
256                  51    303579      0        48     733  144504       0
512                  59 468043192      0        41     757  301050       0
1024                  6     45743      0        22      90   72252       0
2048                 47    288597      0       388     739  180630       0
4096                  2      8169      0        30      29   12042       0
8192                  4      7142      0        72      33    3010       0
16384                 2      3449      0        24       6    1505       0
32768                13     38119      0        98     230     752       0
65536                 0   6148397      0        59      32     752       0
131072                0        66      0         0      20      32       0


******* CPU 14 *******
By size           inuse     calls failed   delayed    free   hiwat   freed
64                   10      7425      0         2     182   96336       0
128                   2       308      0         0      30   72252       0
256                   7     33918      0        24     393  144504       0
512                  14 255235703      0        14     418  301050       0
1024                  3      2724      0         5      17   72252       0
2048                 12     36914      0       194     386  180630       0
4096                  0      2875      0         1      41   12042       0
8192                  0       337      0         9       8    3010       0
16384                 0      2755      0         4       6    1505       0
32768                 5      6603      0        10     129     752       0
65536                 0     27499      0        35      24     752       0
131072                0         0      0         0      20      40       0


******* CPU 15 *******
By size           inuse     calls failed   delayed    free   hiwat   freed
64                   12      7048      0         0     180   96336       0
128                   1       307      0         0      31   72252       0
256                   6     34430      0        26     426  144504       0
512                   8 250213281      0        22     448  301050       0
1024                  0      2782      0         4      16   72252       0
2048                 17     37467      0       211     417  180630       0
4096                  0      2897      0         0      45   12042       0
8192                  0       447      0        19      15    3010       0
16384                 1      2776      0         2       3    1505       0
32768                12      6176      0         9     134     752       0
65536                 0     27239      0        34      22     752       0
131072                0         7      0         0      16      32       0


******* CPU 16 *******
By size           inuse     calls failed   delayed    free   hiwat   freed
64                   18    107270      0         2     110   96336       0
128                   9     30424      0         0     151   72252       0
256                  73    426162      0        58     855  144504       0
512                  79 734207960      0        87     881  301050       0
1024                 11     61536      0        27      97   72252       0
2048                 71    410216      0       450     845  180630       0
4096                  2     18551      0         3      22   12042       0
8192                  3     13338      0        46      30    3010       0
16384                 0      1603      0        20      10    1505       0
32768                18     33279      0        52      30     752       0
65536                 0  12536902      0        41      42     752       0
131072                0       267      0         0      19      32       0


******* CPU 17 *******
By size           inuse     calls failed   delayed    free   hiwat   freed
64                    9      3129      0         0      55   96336       0
128                   2       776      0         0      62   72252       0
256                  39     70162      0        20     297  144504       0
512                  42  85058989      0        14     326  301050       0
1024                  4      2733      0        12      44   72252       0
2048                 40     67334      0       164     298  180630       0
4096                  0       676      0         1       1   12042       0
8192                  3       542      0        18       3    3010       0
16384                 0       336      0         7       4    1505       0
32768                 9      2165      0        18      12     752       0
65536                 0    187031      0        15      12     752       0
131072                0         9      0         0      16      32       0


******* CPU 18 *******
By size           inuse     calls failed   delayed    free   hiwat   freed
64                    6      1127      0         0      58   96336       0
128                   0        56      0         0      32   72252       0
256                   0      3468      0        14     224  144504       0
512                   2  51570691      0        12     246  301050       0
1024                  0       127      0         2       8   72252       0
2048                  6      4281      0       103     206  180630       0
4096                  0       448      0         0      19   12042       0
8192                  0        18      0         0       1    3010       0
16384                 0       282      0         2       4    1505       0
32768                 6      1070      0         1       6     752       0
65536                 0       886      0         9       6     752       0
131072                0         0      0         0      16      32       0


******* CPU 19 *******
By size           inuse     calls failed   delayed    free   hiwat   freed
64                    1      1137      0         0      63   96336       0
128                   0        61      0         0      32   72252       0
256                   0      2865      0        13     208  144504       0
512                   0  49570199      0        12     224  301050       0
1024                  0       133      0         2       8   72252       0
2048                  1      3664      0        92     193  180630       0
4096                  0       424      0         0      26   12042       0
8192                  0        18      0         4       4    3010       0
16384                 0       281      0         3       2    1505       0
32768                 1      1086      0         3       8     752       0
65536                 0       832      0         6       4     752       0
131072                0         0      0         0      16      32       0


******* CPU 20 *******
By size           inuse     calls failed   delayed    free   hiwat   freed
64                   34    191379      0         4     222   96336       0
128                  24     53918      0         0     168   72252       0
256                  73    513305      0        99    1543  144504       0
512                  76 1163749266      0       110    1572  301050       0
1024                 25    131856      0        41     151   72252       0
2048                 70    504831      0       795    1554  180630       0
4096                  2     11980      0        18      47   12042       0
8192                  7     16155      0        58      26    3010       0
16384                 1      2693      0        27      15    1505       0
32768                30     75203      0        94      55     752       0
65536                 0  18026779      0        66      37     752       0
131072                0       263      0         0      20      32       0


******* CPU 21 *******
By size           inuse     calls failed   delayed    free   hiwat   freed
64                    7      8440      0         2     121   96336       0
128                   1      1453      0         0      63   72252       0
256                  64    165380      0        38     544  144504       0
512                  68 190232776      0        45     564  301050       0
1024                  3      7954      0        20      77   72252       0
2048                 62    159834      0       297     544  180630       0
4096                  1      1367      0         1      19   12042       0
8192                  3      1724      0        42      23    3010       0
16384                 0       564      0        10       3    1505       0
32768                 7      6432      0        29      25     752       0
65536                 0    609183      0        21      11     752       0
131072                0        32      0         0      20      32       0


******* CPU 22 *******
By size           inuse     calls failed   delayed    free   hiwat   freed
64                    7      2373      0         0      57   96336       0
128                   0        81      0         0      32   72252       0
256                   1     23172      0        17     271  144504       0
512                   3  94401672      0        12     293  301050       0
1024                  0       746      0         3      12   72252       0
2048                  8     23327      0       125     252  180630       0
4096                  0      1122      0         0      35   12042       0
8192                  0        70      0         7       4    3010       0
16384                 0       402      0         4       8    1505       0
32768                 7      2109      0         7       6     752       0
65536                 0      9061      0        11       9     752       0
131072                0         1      0         0      17      32       0


******* CPU 23 *******
By size           inuse     calls failed   delayed    free   hiwat   freed
64                    2      2260      0         0      62   96336       0
128                   0        54      0         0      32   72252       0
256                  25     22049      0        25     375  144504       0
512                  29  91532876      0        22     395  301050       0
1024                  0       731      0         2       8   72252       0
2048                 27     22579      0       193     369  180630       0
4096                  0      1022      0         0      30   12042       0
8192                  0       101      0         8       3    3010       0
16384                 0       386      0         3       1    1505       0
32768                 2      2091      0         7       8     752       0
65536                 0      9111      0         9       5     752       0
131072                0         1      0         0      16      32       0


******* CPU 24 *******
By size           inuse     calls failed   delayed    free   hiwat   freed
64                   13     43170      0         1     115   96336       0
128                  10     12593      0         0     150   72252       0
256                  72    280370      0        49     728  144504       0
512                  76 410399869      0        57     748  301050       0
1024                 12     28690      0        18      64   72252       0
2048                 60    262026      0       379     716  180630       0
4096                  3      6860      0         1      12   12042       0
8192                  3      6821      0        29      20    3010       0
16384                 1       678      0        16       6    1505       0
32768                17     17931      0        45      25     752       0
65536                 0   4299294      0        34      28     752       0
131072                0       107      0         0      20      32       0


******* CPU 25 *******
By size           inuse     calls failed   delayed    free   hiwat   freed
64                    3      2393      0         0      61   96336       0
128                   1       837      0         0      63   72252       0
256                  36     55699      0        16     236  144504       0
512                  38  61255121      0        11     266  301050       0
1024                  3      2208      0        11      41   72252       0
2048                 33     53035      0       132     239  180630       0
4096                  0       454      0         2       1   12042       0
8192                  1       329      0        18      28    3010       0
16384                 0       103      0         4       2    1505       0
32768                 3      1624      0        17      21     752       0
65536                 0    139637      0        13      11     752       0
131072                0         7      0         0      18      32       0


******* CPU 26 *******
By size           inuse     calls failed   delayed    free   hiwat   freed
64                    4       795      0         0      60   96336       0
128                   0         8      0         0      32   72252       0
256                   0      3068      0        11     176  144504       0
512                   0  33334199      0         8     184  301050       0
1024                  0        91      0         2       8   72252       0
2048                  4      3629      0        77     158  180630       0
4096                  0       233      0         0       7   12042       0
8192                  0        28      0         6       1    3010       0
16384                 0        63      0         1       8    1505       0
32768                 4       785      0         1      12     752       0
65536                 0       795      0         7       6     752       0
131072                0         0      0         0      16      32       0


******* CPU 27 *******
By size           inuse     calls failed   delayed    free   hiwat   freed
64                    1       811      0         0      63   96336       0
128                   0        16      0         0      32   72252       0
256                   0      3241      0        14     224  144504       0
512                   2  31919091      0        13     254  301050       0
1024                  0       100      0         4      16   72252       0
2048                  1      3835      0       106     219  180630       0
4096                  0       231      0         0      20   12042       0
8192                  0        17      0         1       1    3010       0
16384                 0        44      0         3       0    1505       0
32768                 1       775      0         5      10     752       0
65536                 0       676      0         7       5     752       0
131072                0         0      0         0      16      32       0


******* CPU 28 *******
By size           inuse     calls failed   delayed    free   hiwat   freed
64                   26    110758      0         3     166   96336       0
128                  18     30047      0         0     142   72252       0
256                  72    433289      0        63     952  144504       0
512                  83 739397998      0        77     973  301050       0
1024                 20     79930      0        34     116   72252       0
2048                 67    415021      0       496     943  180630       0
4096                  2      7447      0        10      23   12042       0
8192                  6     13715      0        30       6    3010       0
16384                 0      2168      0        24       6    1505       0
32768                22     45889      0        44      18     752       0
65536                 0   9559800      0        40      31     752       0
131072                0       201      0         0      20      32       0


******* CPU 29 *******
By size           inuse     calls failed   delayed    free   hiwat   freed
64                    6      5511      0         1      58   96336       0
128                   2       978      0         0      62   72252       0
256                  37    127284      0        19     283  144504       0
512                  44 137636370      0        16     316  301050       0
1024                  5      5093      0        15      55   72252       0
2048                 32    122083      0       152     286  180630       0
4096                  1       775      0         0      25   12042       0
8192                  3       938      0        22      25    3010       0
16384                 0       429      0        12      17    1505       0
32768                 6      4008      0        25      27     752       0
65536                 0    280659      0        24      21     752       0
131072                0        15      0         0      17      32       0


******* CPU 30 *******
By size           inuse     calls failed   delayed    free   hiwat   freed
64                    5      1748      0         0      59   96336       0
128                   0        73      0         1      32   72252       0
256                  10     16953      0        17     262  144504       0
512                  10  65926890      0        19     270  301050       0
1024                  0       548      0         3      12   72252       0
2048                 15     17109      0       124     243  180630       0
4096                  0       607      0         0      18   12042       0
8192                  0        56      0         4       4    3010       0
16384                 0       297      0         3       5    1505       0
32768                 5      1537      0         5      10     752       0
65536                 0      7657      0        11       6     752       0
131072                0         1      0         0      16      32       0


******* CPU 31 *******
By size           inuse     calls failed   delayed    free   hiwat   freed
64                    3      1687      0         0      61   96336       0
128                   0        65      0         0      32   72252       0
256                   4     16250      0        17     268  144504       0
512                   8  63264675      0        15     288  301050       0
1024                  0       559      0         3      12   72252       0
2048                  7     16419      0       125     251  180630       0
4096                  0       589      0         0      16   12042       0
8192                  0        51      0         8       4    3010       0
16384                 0       299      0         4       3    1505       0
32768                 3      1450      0         3       9     752       0
65536                 0      7756      0        11      10     752       0
131072                0         0      0         0      16      32       0


******* CPU 32 *******
By size           inuse     calls failed   delayed    free   hiwat   freed
64                    9     26344      0         1      55   96336       0
128                   7      7844      0         0      57   72252       0
256                  72    206842      0        49     712  144504       0
512                  76 269866210      0        74     732  301050       0
1024                  9     18860      0        14      55   72252       0
2048                 59    195655      0       379     707  180630       0
4096                  2      3761      0         0      12   12042       0
8192                  6      4016      0        25      27    3010       0
16384                 0       380      0        16       8    1505       0
32768                12     12542      0        48      41     752       0
65536                 0   1823290      0        41      36     752       0
131072                0        76      0         0      19      32       0


******* CPU 33 *******
By size           inuse     calls failed   delayed    free   hiwat   freed
64                    3      1804      0         0      61   96336       0
128                   0       469      0         0      64   72252       0
256                  24     45285      0        17     248  144504       0
512                  26  48268704      0        11     278  301050       0
1024                  2      1624      0        12      46   72252       0
2048                 23     43159      0       125     239  180630       0
4096                  0       257      0         1       9   12042       0
8192                  2       261      0        21      27    3010       0
16384                 0        68      0         7       1    1505       0
32768                 3      1302      0        13      13     752       0
65536                 0    115432      0        14      11     752       0
131072                0         5      0         0      16      32       0


******* CPU 34 *******
By size           inuse     calls failed   delayed    free   hiwat   freed
64                    2       695      0         0      62   96336       0
128                   0        11      0         0      32   72252       0
256                   0      2955      0        11     176  144504       0
512                   2  24447462      0         9     206  301050       0
1024                  0        86      0         3      12   72252       0
2048                  2      3429      0        83     172  180630       0
4096                  0       148      0         0      11   12042       0
8192                  0        11      0         3       2    3010       0
16384                 0        31      0         3       4    1505       0
32768                 2       670      0         3       6     752       0
65536                 0       659      0         7       6     752       0
131072                0         0      0         0      16      32       0


******* CPU 35 *******
By size           inuse     calls failed   delayed    free   hiwat   freed
64                    1       624      0         0      63   96336       0
128                   0        27      0         0      32   72252       0
256                   0      2451      0         9     144  144504       0
512                   0  23264247      0        11     168  301050       0
1024                  0        74      0         2       8   72252       0
2048                  1      2771      0        63     139  180630       0
4096                  0       127      0         1      16   12042       0
8192                  0        18      0         4       2    3010       0
16384                 0        37      0         2       3    1505       0
32768                 1       601      0         3      14     752       0
65536                 0       590      0         8       8     752       0
131072                0         0      0         0      16      32       0


******* CPU 36 *******
By size           inuse     calls failed   delayed    free   hiwat   freed
64                  112   2781649      0        10     528   96336       0
128                  63    651147      0         2     321   72252       0
256                  83   1430991      0       117    1853  144504       0
512                 122 2066739354      0       127    1886  301050       0
1024                 71    915022      0        79     245   72252       0
2048                101   1913672      0       960    1857  180630       0
4096                  3    224585      0        32      63   12042       0
8192                  4     29401      0       124      63    3010       0
16384                 3      6304      0       114     128    1505       0
32768                61    251190      0       166     187     752       0
65536                 0  33507702      0        97      58     752       0
131072                0       513      0         0      18      32       0


******* CPU 37 *******
By size           inuse     calls failed   delayed    free   hiwat   freed
64                   16    163692      0         3     176   96336       0
128                   7     36486      0         0     121   72252       0
256                  54    460675      0        31     602  144504       0
512                  67 596281518      0        41     621  301050       0
1024                  9     85932      0        32     119   72252       0
2048                 58    443247      0       319     598  180630       0
4096                  1     13468      0        19      39   12042       0
8192                  0     10759      0        55      37    3010       0
16384                 0      3780      0        21       8    1505       0
32768                16     57937      0        93     148     752       0
65536                 0   8115172      0        58      30     752       0
131072                0       278      0         0      20      32       0


******* CPU 38 *******
By size           inuse     calls failed   delayed    free   hiwat   freed
64                   10     17980      0         1     118   96336       0
128                   2      2741      0         0      62   72252       0
256                  26    177167      0        26     390  144504       0
512                  31 269506280      0        22     409  301050       0
1024                  3      9315      0        16      61   72252       0
2048                 30    171434      0       196     376  180630       0
4096                  0      3928      0        11      26   12042       0
8192                  0      2003      0        38      17    3010       0
16384                 2      2729      0        20      17    1505       0
32768                10      9713      0        27      61     752       0
65536                 0    775630      0        36      25     752       0
131072                0        33      0         0      19      32       0


******* CPU 39 *******
By size           inuse     calls failed   delayed    free   hiwat   freed
64                    6     16576      0         2     122   96336       0
128                   0      2424      0         0      64   72252       0
256                  17    162706      0        24     383  144504       0
512                  25 263729506      0        18     407  301050       0
1024                  0      8611      0        15      60   72252       0
2048                 19    160292      0       193     383  180630       0
4096                  0      3777      0         0      31   12042       0
8192                  0      1892      0        31      27    3010       0
16384                 2      2502      0        10       4    1505       0
32768                 7      8793      0        32      74     752       0
65536                 0    779922      0        35      24     752       0
131072                0        33      0         0      17      32       0


******* CPU 40 *******
By size           inuse     calls failed   delayed    free   hiwat   freed
64                   20     49636      0         2     108   96336       0
128                  11     13080      0         0      85   72252       0
256                  44    335925      0        40     612  144504       0
512                  57 440503504      0        48     631  301050       0
1024                 13     38318      0        20      67   72252       0
2048                 43    319972      0       320     605  180630       0
4096                  2      3532      0         5      18   12042       0
8192                  4      6958      0        45      26    3010       0
16384                 0      1001      0        16      11    1505       0
32768                20     23385      0        43      21     752       0
65536                 0   3778733      0        38      38     752       0
131072                0       121      0         0      20      32       0


******* CPU 41 *******
By size           inuse     calls failed   delayed    free   hiwat   freed
64                    2      3851      0         1      62   96336       0
128                   0       914      0         0      32   72252       0
256                  40    100791      0        19     264  144504       0
512                  42  99895914      0        13     278  301050       0
1024                  2      3820      0        12      46   72252       0
2048                 35     97329      0       142     257  180630       0
4096                  1       529      0         1      18   12042       0
8192                  2       559      0        22      25    3010       0
16384                 0       221      0         7       1    1505       0
32768                 2      2710      0        15      15     752       0
65536                 0    190791      0        22      31     752       0
131072                0        13      0         0      18      32       0


******* CPU 42 *******
By size           inuse     calls failed   delayed    free   hiwat   freed
64                    3      1349      0         0      61   96336       0
128                   0        97      0         0      32   72252       0
256                   5     14763      0        18     283  144504       0
512                   6  43903345      0        18     306  301050       0
1024                  0       422      0         4      16   72252       0
2048                  7     13906      0       138     277  180630       0
4096                  0       350      0         0      15   12042       0
8192                  0        40      0         5       2    3010       0
16384                 0       104      0         3       4    1505       0
32768                 3       971      0         6       9     752       0
65536                 0      6836      0         8       5     752       0
131072                0         0      0         0      16      32       0


******* CPU 43 *******
By size           inuse     calls failed   delayed    free   hiwat   freed
64                    2      1130      0         0      62   96336       0
128                   0        43      0         0      32   72252       0
256                   4     13196      0        20     316  144504       0
512                   4  41927968      0        17     348  301050       0
1024                  0       343      0         2       8   72252       0
2048                  6     13117      0       156     314  180630       0
4096                  0       377      0         0      18   12042       0
8192                  0        46      0         7       1    3010       0
16384                 0       125      0         4       6    1505       0
32768                 2       999      0         1       4     752       0
65536                 0      6726      0        10       8     752       0
131072                0         1      0         0      17      32       0


******* CPU 44 *******
By size           inuse     calls failed   delayed    free   hiwat   freed
64                   42     30734      0         1     278   96336       0
128                  11      6080      0         1      85   72252       0
256                  52    166675      0        40     604  144504       0
512                  72 488522373      0        36     640  301050       0
1024                  5     15911      0        19      71   72252       0
2048                 73    172482      0       329     607  180630       0
4096                  3      6043      0         2      24   12042       0
8192                  5      2779      0        49      15    3010       0
16384                 2      3623      0        11       7    1505       0
32768                38     19479      0        39     219     752       0
65536                 0   1048852      0        51      32     752       0
131072                0        53      0         0    1019    1881       0


******* CPU 45 *******
By size           inuse     calls failed   delayed    free   hiwat   freed
64                    2      1381      0         0      62   96336       0
128                   1       381      0         0      31   72252       0
256                  24     38177      0        16     232  144504       0
512                  25  39583406      0        14     263  301050       0
1024                  3      1409      0         8      29   72252       0
2048                 21     36464      0       119     231  180630       0
4096                  0       174      0         2       2   12042       0
8192                  1       267      0        15      22    3010       0
16384                 0        38      0         5       1    1505       0
32768                 2       989      0         5      10     752       0
65536                 0     97201      0        10      15     752       0
131072                0         2      0         0      16      32       0


******* CPU 46 *******
By size           inuse     calls failed   delayed    free   hiwat   freed
64                    2       573      0         0      62   96336       0
128                   0        18      0         0      32   72252       0
256                   0      2410      0        10     160  144504       0
512                   0  18978735      0         9     192  301050       0
1024                  0        92      0         3      12   72252       0
2048                  2      2690      0        73     154  180630       0
4096                  0        93      0         0      11   12042       0
8192                  0        17      0         5       6    3010       0
16384                 0        22      0         5       7    1505       0
32768                 2       513      0         1       9     752       0
65536                 0       561      0         4       4     752       0
131072                0         0      0         0      16      32       0


******* CPU 47 *******
By size           inuse     calls failed   delayed    free   hiwat   freed
64                    2       468      0         0      62   96336       0
128                   0        13      0         0      32   72252       0
256                   0      2547      0        10     160  144504       0
512                   0  18072448      0        10     168  301050       0
1024                  0        63      0         2       8   72252       0
2048                  2      2854      0        72     148  180630       0
4096                  0        83      0         0      10   12042       0
8192                  0        11      0         0       0    3010       0
16384                 0         9      0         0       2    1505       0
32768                 2       459      0         2      10     752       0
65536                 0       571      0         5       4     752       0
131072                0         0      0         0      16      32       0

Streams mblk statistic failures:
0 high priority mblk failures
0 medium priority mblk failures
0 low priority mblk failures
==== EXITED with rc 0 ====
==== END netstat -m Tue Jul  7 00:42:07 GST 2015 ====
