==== This output can be found in Systems/dx986/os/iostat-^A.txt ====
==== START iostat -A Tue Jul  7 00:45:13 GST 2015 ====

System configuration: lcpu=32 drives=710 ent=3.60 paths=0 vdisks=10 maxserver=960

aio: avgc avfc maxgc maxfc maxreqs avg-cpu: % user % sys % idle % iowait physc % entc
     16.4  0.0   177     0    131072            11.9   4.7   80.2      3.2   0.9   25.3

Disks:        % tm_act     Kbps      tps    Kb_read   Kb_wrtn
hdisk647         0.1      54.0       0.1   393903860   4283036
hdisk640         0.0       0.0       0.0          8         0
hdisk652         0.1      53.4       0.1   389175335   4431856
hdisk649         0.1      52.5       0.1   382979499   4327976
hdisk643         0.1      51.8       0.1   377461626   4240436
hdisk654         0.1      54.0       0.1   393407903   4303776
hdisk655         0.1      53.9       0.1   393021728   4243896
hdisk645         0.1      53.6       0.1   390483168   4351088
hdisk657         0.1      55.4       0.1   403982929   4195796
hdisk1           0.2      18.3       2.4   49591429  85069040
hdisk675         0.0       0.0       0.0          8         0
hdisk660         2.0     105.3       7.1   457250117  318617696
hdisk656         0.1      52.7       0.1   384080350   4331240
hdisk661         2.0     106.0       7.2   454574755  326589872
hdisk662         2.0     107.1       7.3   454631609  334703136
hdisk665         2.0     106.4       7.3   456233467  328063924
hdisk663         2.0     105.9       7.2   453280669  327056740
hdisk653         0.1      53.0       0.1   386494999   4406688
hdisk659         2.0     105.9       7.2   458674369  321750040
hdisk664         2.0     105.9       7.2   453337827  327507004
hdisk658         0.1      54.0       0.1   393619278   4278928
hdisk668         0.1      42.1       0.1   234685931  75751284

Disks:        % tm_act     Kbps      tps    Kb_read   Kb_wrtn
hdisk650         0.1      53.3       0.1   388188729   4495248
hdisk666         2.0     107.3       7.3   461021788  329736328
hdisk642         0.1      52.7       0.1   384547067   4255392
hdisk669         0.1      42.1       0.1   234069589  76240176
hdisk667         0.1      42.2       0.1   235215637  76134812
hdisk671         0.1      41.7       0.1   230947249  76643392
hdisk670         0.1      41.5       0.1   229856450  76276456
hdisk672         0.1      42.1       0.1   233577497  76400780
hdisk644         0.1      51.7       0.1   376839738   4202584
hdisk673         0.1      42.4       0.1   236347664  76168812
hdisk7           0.0       0.0       0.0          0         0
hdisk674         0.1      42.5       0.1   236546210  76445840
hdisk641         0.1      52.4       0.1   381745266   4314796
hdisk646         0.1      53.9       0.1   393073888   4502388
hdisk648         0.1      52.8       0.1   384994806   4388556
hdisk780         0.6     185.6       1.7   688764670  679182632
hdisk651         0.1      52.2       0.1   380674000   4317372
hdisk781         0.6     185.6       1.7   688648222  679352916
hdisk782         0.0      20.7       0.1   99010393  53496724
hdisk783         0.0      20.6       0.1   98372230  53625072
hdisk784         0.0       0.0       0.0      25740      8156
hdisk786         0.0       2.4       0.0   17662747    240616
hdisk788         0.0       1.8       0.0   13188344    233608
hdisk677         0.1      57.1       0.1   416386034   4586396

Disks:        % tm_act     Kbps      tps    Kb_read   Kb_wrtn
hdisk789         0.1      62.1       0.3   152532044  305567730
hdisk676         0.1      56.7       0.1   413112097   4679676
hdisk681         0.1      58.4       0.1   426000343   4838360
hdisk785         0.0       0.0       0.0          4      6792
hdisk679         0.1      56.0       0.1   407991157   4589292
hdisk682         0.1      58.5       0.1   426608053   4603396
hdisk787         0.0       5.4       0.2   32448374   7556984
hdisk790         0.1      62.4       0.3   152902065  306918896
hdisk683         0.1      57.1       0.1   416410644   4758624
hdisk678         0.1      56.1       0.1   408849797   4575920
hdisk680         0.1      58.0       0.1   422522007   4724896
hdisk686         0.1      56.7       0.1   412971912   4646184
hdisk685         0.1      57.9       0.1   421730533   4864228
hdisk689         0.1      58.5       0.1   426803595   4683280
hdisk692         0.1      60.1       0.1   438712671   4516656
hdisk691         0.1      57.0       0.1   415763801   4671616
hdisk684         0.1      57.0       0.1   415669198   4664852
hdisk688         0.1      57.5       0.1   418927611   4733096
hdisk690         0.1      58.4       0.1   425544191   4613880
hdisk687         0.1      57.8       0.1   421435289   4793160
hdisk695         2.0     115.0       7.8   501498995  346344840
hdisk698         2.0     115.4       7.8   496027802  354873632
hdisk700         2.0     116.2       7.9   500722090  356022980
hdisk702         0.1      44.2       0.1   245387799  80163004

Disks:        % tm_act     Kbps      tps    Kb_read   Kb_wrtn
hdisk704         0.1      44.0       0.1   244952972  79416008
hdisk705         0.1      43.1       0.1   238986347  79089428
hdisk707         0.1      43.9       0.1   243596312  79894564
hdisk709         0.1      44.1       0.1   246072492  79361908
hdisk696         2.0     115.6       7.8   497903559  354432640
hdisk693         0.1      58.5       0.1   426385163   4664512
hdisk697         2.0     116.9       8.0   499011716  362984120
hdisk791         0.6     197.5       1.8   726930888  729234152
hdisk701         2.0     117.0       8.0   503987436  358115260
hdisk694         2.0     115.6       7.8   502909278  349375772
hdisk703         0.1      44.0       0.1   244694407  79782568
hdisk708         0.1      44.1       0.1   245889710  79431680
hdisk706         0.1      43.4       0.1   240307852  79599136
hdisk796         0.0       0.0       0.0          8      7276
hdisk699         2.0     115.6       7.8   496555447  355304912
hdisk798         0.0       5.8       0.2   35314104   7718208
hdisk795         0.0       0.0       0.0      20084      9192
hdisk801         0.1      64.9       0.3   158988444  319306857
hdisk794         0.0      22.3       0.1   106185151  58066432
hdisk793         0.0      22.3       0.1   106636851  57871084
hdisk800         0.1      65.0       0.3   160250404  318624629
hdisk797         0.0       2.7       0.0   19599190    254308
hdisk799         0.0       2.0       0.0   14471479    255936
hdisk8           0.0       0.1       0.0     401859    170476

Disks:        % tm_act     Kbps      tps    Kb_read   Kb_wrtn
hdisk792         0.6     197.6       1.8   727819158  728808356
hdisk61          0.0       0.1       0.0    1023044     76332
hdisk60          0.0       0.2       0.0    1043704     70712
hdisk59          0.0       0.2       0.0    1049337     74204
hdisk62          0.0       0.2       0.0    1038684     85172
hdisk63          0.0       0.2       0.0    1430268    192116
hdisk417         0.0       0.0       0.0          4         0
hdisk419         0.0       0.0       0.0         20         0
hdisk425         0.0       0.0       0.0         72         0
hdisk416         0.0       0.0       0.0      21879         0
hdisk421         0.0       0.0       0.0          8     18088
hdisk418         0.0       0.0       0.0          4         0
hdisk424         0.0       0.0       0.0         24         0
hdisk420         0.0       0.0       0.0          4         0
hdisk423         0.0       0.0       0.0        196         0
hdisk428         0.0       0.0       0.0         12         0
hdisk430         0.0       0.0       0.0          4         0
hdisk422         0.0       0.0       0.0        152         0
hdisk426         0.0       0.0       0.0        136         0
hdisk429         0.0       0.0       0.0          4         0
hdisk427         0.0       0.0       0.0          4         0
hdisk431         0.0       0.0       0.0          4         0
hdisk64          0.0       0.2       0.0    1373384    175696
hdisk560         0.0       0.0       0.0      13381         0

Disks:        % tm_act     Kbps      tps    Kb_read   Kb_wrtn
hdisk433         0.0       0.0       0.0          4         0
hdisk432         0.0       0.0       0.0          4         0
hdisk562         0.0       0.0       0.0          4         0
hdisk561         0.0       0.0       0.0          4         0
hdisk568         0.0       0.0       0.0          4         0
hdisk569         0.0       0.0       0.0          4         0
hdisk567         0.0       0.0       0.0          4         0
hdisk565         0.0       0.0       0.0          4         0
hdisk566         0.0       0.0       0.0          4     18132
hdisk563         0.0       0.0       0.0          4         0
hdisk564         0.0       0.0       0.0          4         0
hdisk9           0.0       0.5       0.0    3799984    167748
hdisk108         0.0       0.2       0.0    1059019     73260
hdisk110         0.0       0.1       0.0    1014604     74764
hdisk109         0.0       0.2       0.0    1038500     71888
hdisk111         0.0       0.2       0.0    1052020     85316
hdisk436         0.0       0.0       0.0          4         0
hdisk434         0.0       0.0       0.0      84273         0
hdisk112         0.0       0.2       0.0    1407084    193092
hdisk435         0.0       0.0       0.0          4         0
hdisk437         0.0       0.0       0.0         20         0
hdisk113         0.0       0.2       0.0    1361444    175940
hdisk440         0.0       0.0       0.0        152         0
hdisk442         0.0       0.0       0.0         28         0

Disks:        % tm_act     Kbps      tps    Kb_read   Kb_wrtn
hdisk439         0.0       0.0       0.0          8     18120
hdisk444         0.0       0.0       0.0        136         0
hdisk443         0.0       0.0       0.0         72         0
hdisk445         0.0       0.0       0.0          4         0
hdisk448         0.0       0.0       0.0          4         0
hdisk447         0.0       0.0       0.0          4         0
hdisk450         0.0       0.0       0.0          4         0
hdisk438         0.0       0.0       0.0          4         0
hdisk570         0.0       0.0       0.0      51739         0
hdisk451         0.0       0.0       0.0          4         0
hdisk573         0.0       0.0       0.0          4         0
hdisk441         0.0       0.0       0.0        196         0
hdisk574         0.0       0.0       0.0          4         0
hdisk449         0.0       0.0       0.0          4         0
hdisk572         0.0       0.0       0.0          4         0
hdisk576         0.0       0.0       0.0          4     18212
hdisk579         0.0       0.0       0.0          4         0
hdisk575         0.0       0.0       0.0          4         0
hdisk578         0.0       0.0       0.0          4         0
hdisk577         0.0       0.0       0.0          4         0
hdisk446         0.0       0.0       0.0         12         0
hdisk963         0.1      57.3       0.1   417671383   4659400
hdisk965         0.1      56.7       0.1   413089366   4598620
hdisk964         0.1      57.7       0.1   420709184   4590992

Disks:        % tm_act     Kbps      tps    Kb_read   Kb_wrtn
hdisk824         0.0       0.0       0.0          8         0
hdisk571         0.0       0.0       0.0          4         0
hdisk966         0.1      56.5       0.1   412020205   4578424
hdisk967         0.1      58.4       0.1   425733682   4730016
hdisk0           0.0       0.0       0.0          0         0
hdisk973         0.1      57.2       0.1   416775581   4683064
hdisk969         0.1      59.0       0.1   430136883   4619892
hdisk968         0.1      59.0       0.1   429975475   4857980
hdisk962         0.0       0.0       0.0          8         0
hdisk972         0.1      58.4       0.1   425732093   4817592
hdisk2           0.0       0.0       0.0          0         0
hdisk970         0.1      57.8       0.1   421603332   4784264
hdisk975         0.1      57.9       0.1   422207657   4754704
hdisk978         0.1      57.5       0.1   419235513   4680752
hdisk982         2.0     115.4       7.8   505595987  344910980
hdisk983         2.0     116.1       7.8   502542497  353273180
hdisk981         2.0     116.1       7.8   507788541  348019256
hdisk980         0.1      59.1       0.1   431344938   4639392
hdisk985         2.0     115.9       7.8   500705816  353571168
hdisk986         2.0     116.0       7.8   501142717  354051496
hdisk984         2.0     117.4       8.0   503754086  361801072
hdisk974         0.1      58.4       0.1   425545179   4766120
hdisk976         0.1      59.0       0.1   429932579   4674888
hdisk989         0.1      44.3       0.1   246687544  80073404

Disks:        % tm_act     Kbps      tps    Kb_read   Kb_wrtn
hdisk987         2.0     116.7       7.9   505410205  354765632
hdisk991         0.1      44.2       0.1   245669535  80151916
hdisk992         0.1      43.6       0.1   240726038  80589208
hdisk993         0.1      43.8       0.1   242192800  80381200
hdisk971         0.1      57.6       0.1   420008034   4703280
hdisk979         0.1      60.5       0.1   441682083   4524884
hdisk988         2.0     117.3       8.0   507849777  356718292
hdisk990         0.1      44.3       0.1   246083983  80805748
hdisk995         0.1      44.5       0.1   247665076  80280676
hdisk997         0.5     199.2       1.8   730823888  737555672
hdisk994         0.1      44.1       0.1   244919766  80484456
hdisk999         0.0      22.5       0.1   107945333  57914352
hdisk1000        0.0      22.5       0.1   108027288  57972632
hdisk998         0.5     199.3       1.8   730750894  738132080
hdisk1002        0.0       0.0       0.0          8      7136
hdisk977         0.1      58.9       0.1   429588122   4589904
hdisk828         0.1      52.4       0.1   381776331   4224984
hdisk829         0.1      54.1       0.1   394340585   4401480
hdisk826         0.1      53.3       0.1   388482023   4321136
hdisk1005        0.0       2.0       0.0   14694904    250984
hdisk1003        0.0       2.7       0.0   19582820    258920
hdisk1007        0.1      65.1       0.3   159952773  319904364
hdisk1001        0.0       0.0       0.0      18647      9108
hdisk1004        0.0       5.9       0.2   35556041   7768360

Disks:        % tm_act     Kbps      tps    Kb_read   Kb_wrtn
hdisk827         0.1      52.3       0.1   381491901   4250560
hdisk837         0.1      53.8       0.1   391847171   4435248
hdisk834         0.1      54.1       0.1   394226575   4550396
hdisk831         0.1      54.6       0.1   398485420   4310972
hdisk833         0.1      53.2       0.1   387741497   4370744
hdisk830         0.1      54.5       0.1   397551296   4522088
hdisk996         0.1      44.6       0.1   247977393  80682728
hdisk840         0.1      53.1       0.1   387375228   4309496
hdisk838         0.1      54.7       0.1   398609085   4322656
hdisk825         0.1      52.9       0.1   385642401   4352400
hdisk839         0.1      54.5       0.1   397520695   4243072
hdisk1006        0.1      65.4       0.3   160928006  321211277
hdisk832         0.1      53.4       0.1   389222128   4449764
hdisk836         0.1      53.8       0.1   392060113   4430224
hdisk843         2.0     106.8       7.2   464119133  323091848
hdisk848         2.0     106.8       7.2   458461307  328885288
hdisk847         2.0     106.9       7.2   459291614  328493476
hdisk845         2.0     106.8       7.2   459482877  327950428
hdisk841         0.1      55.9       0.1   408101451   4196272
hdisk844         2.0     106.3       7.2   463595381  320087460
hdisk835         0.1      53.0       0.1   385986925   4335768
hdisk853         0.1      42.4       0.1   235403630  77057736
hdisk855         0.1      41.9       0.1   231634167  77569408
hdisk856         0.1      42.3       0.1   234792209  77075308

Disks:        % tm_act     Kbps      tps    Kb_read   Kb_wrtn
hdisk858         0.1      42.6       0.1   237621426  76663940
hdisk854         0.1      41.7       0.1   230665418  76843320
hdisk849         2.0     107.4       7.3   462574048  329413256
hdisk859         0.6     186.1       1.7   689663258  682145392
hdisk861         0.0      21.0       0.1   100799421  53797868
hdisk850         2.0     108.1       7.3   465796425  331383184
hdisk862         0.0      21.0       0.1   100702940  53864788
hdisk851         0.1      42.5       0.1   236689052  76685812
hdisk842         0.1      54.6       0.1   398150369   4324912
hdisk865         0.0       2.5       0.0   17930371    242872
hdisk857         0.1      42.5       0.1   237530254  76080772
hdisk852         0.1      42.4       0.1   235683425  77219592
hdisk860         0.6     186.2       1.7   690009727  682357224
hdisk846         2.0     108.1       7.3   460478801  336201788
hdisk864         0.0       0.0       0.0         14      6928
hdisk868         0.1      62.6       0.3   153376740  308044592
hdisk867         0.0       1.9       0.0   13497310    237640
hdisk863         0.0       0.0       0.0      14850      8372
hdisk866         0.0       5.5       0.2   32954944   7552324
hdisk869         0.1      62.5       0.3   153706692  307257390
hdisk10          0.0       0.1       0.0     432030    166856
hdisk161         0.0       0.2       0.0    1093009     73424
hdisk162         0.0       0.2       0.0    1054548     72916
hdisk163         0.0       0.2       0.0    1046556     74656

Disks:        % tm_act     Kbps      tps    Kb_read   Kb_wrtn
hdisk453         0.0       0.0       0.0          4         0
hdisk166         0.0       0.2       0.0    1442968    176216
hdisk165         0.0       0.2       0.0    1450624    191096
hdisk452         0.0       0.0       0.0     107163         0
hdisk454         0.0       0.0       0.0         12         0
hdisk457         0.0       0.0       0.0          8     18088
hdisk164         0.0       0.2       0.0    1061172     84620
hdisk462         0.0       0.0       0.0        136         0
hdisk456         0.0       0.0       0.0          4         0
hdisk458         0.0       0.0       0.0        152         0
hdisk465         0.0       0.0       0.0          4         0
hdisk460         0.0       0.0       0.0         28         0
hdisk466         0.0       0.0       0.0          4         0
hdisk463         0.0       0.0       0.0          4         0
hdisk455         0.0       0.0       0.0         20         0
hdisk461         0.0       0.0       0.0         72         0
hdisk467         0.0       0.0       0.0          4         0
hdisk459         0.0       0.0       0.0        196         0
hdisk581         0.0       0.0       0.0          4         0
hdisk468         0.0       0.0       0.0          4         0
hdisk580         0.0       0.0       0.0      65831         0
hdisk469         0.0       0.0       0.0          4         0
hdisk585         0.0       0.0       0.0          4         0
hdisk588         0.0       0.0       0.0          4         0

Disks:        % tm_act     Kbps      tps    Kb_read   Kb_wrtn
hdisk584         0.0       0.0       0.0          4         0
hdisk589         0.0       0.0       0.0          4         0
hdisk587         0.0       0.0       0.0          4         0
hdisk464         0.0       0.0       0.0         12         0
hdisk586         0.0       0.0       0.0          4     18148
hdisk583         0.0       0.0       0.0          4         0
hdisk11          0.0       0.1       0.0     401990    170191
hdisk582         0.0       0.0       0.0          4         0
hdisk210         0.0       0.1       0.0    1030045     73940
hdisk211         0.0       0.2       0.0    1037176     70932
hdisk212         0.0       0.1       0.0    1030548     75064
hdisk213         0.0       0.2       0.0    1032052     84528
hdisk214         0.0       0.2       0.0    1406228    195024
hdisk215         0.0       0.2       0.0    1385672    177352
hdisk471         0.0       0.0       0.0          4         0
hdisk473         0.0       0.0       0.0         20         0
hdisk478         0.0       0.0       0.0         28         0
hdisk476         0.0       0.0       0.0        152         0
hdisk474         0.0       0.0       0.0          4         0
hdisk472         0.0       0.0       0.0         12         0
hdisk470         0.0       0.0       0.0        483         0
hdisk485         0.0       0.0       0.0          4         0
hdisk479         0.0       0.0       0.0         72         0
hdisk484         0.0       0.0       0.0          4         0

Disks:        % tm_act     Kbps      tps    Kb_read   Kb_wrtn
hdisk475         0.0       0.0       0.0          8     18060
hdisk481         0.0       0.0       0.0          4         0
hdisk487         0.0       0.0       0.0          4         0
hdisk482         0.0       0.0       0.0         12         0
hdisk590         0.0       0.0       0.0        311         0
hdisk486         0.0       0.0       0.0          4         0
hdisk483         0.0       0.0       0.0          4         0
hdisk594         0.0       0.0       0.0          4         0
hdisk480         0.0       0.0       0.0        136         0
hdisk596         0.0       0.0       0.0          4     18116
hdisk598         0.0       0.0       0.0          4         0
hdisk597         0.0       0.0       0.0          4         0
hdisk477         0.0       0.0       0.0        196         0
hdisk599         0.0       0.0       0.0          4         0
hdisk591         0.0       0.0       0.0          4         0
hdisk593         0.0       0.0       0.0          4         0
hdisk870         0.0       0.0       0.0          8         0
hdisk595         0.0       0.0       0.0          4         0
hdisk871         0.1      56.5       0.1   412001775   4607580
hdisk874         0.1      55.8       0.1   407007997   4520824
hdisk873         0.1      55.9       0.1   407457868   4567904
hdisk916         0.0       0.0       0.0          8         0
hdisk592         0.0       0.0       0.0          4         0
hdisk4           0.0       0.0       0.0          0         0

Disks:        % tm_act     Kbps      tps    Kb_read   Kb_wrtn
hdisk875         0.1      57.7       0.1   420364749   4676512
hdisk876         0.1      58.2       0.1   424420447   4811348
hdisk877         0.1      58.3       0.1   425105032   4620468
hdisk872         0.1      56.8       0.1   414262085   4564124
hdisk878         0.1      56.9       0.1   415042628   4731828
hdisk880         0.1      57.7       0.1   420127438   4865876
hdisk879         0.1      56.8       0.1   414330993   4641448
hdisk881         0.1      56.3       0.1   410382429   4631220
hdisk882         0.1      57.6       0.1   419736363   4761464
hdisk883         0.1      57.3       0.1   417285506   4731488
hdisk884         0.1      58.3       0.1   425184769   4641496
hdisk886         0.1      56.9       0.1   414995088   4626848
hdisk887         0.1      59.8       0.1   436402336   4483260
hdisk888         0.1      58.3       0.1   424784582   4622240
hdisk890         2.0     114.4       7.8   498721059  344685644
hdisk885         0.1      58.1       0.1   424056991   4557360
hdisk889         2.0     115.1       7.8   500596303  347726652
hdisk895         2.0     115.6       7.9   498115576  354248116
hdisk892         2.0     116.3       7.9   496242035  361218168
hdisk896         2.0     116.3       7.9   501094331  356449724
hdisk893         2.0     114.8       7.8   492739599  353191004
hdisk891         2.0     114.9       7.8   494478818  352643236
hdisk898         0.1      44.0       0.1   243436736  80554988
hdisk900         0.1      43.3       0.1   238148114  80757616

Disks:        % tm_act     Kbps      tps    Kb_read   Kb_wrtn
hdisk894         2.0     115.0       7.8   494391084  353645928
hdisk906         0.6     197.1       1.8   725290995  727374176
hdisk897         0.1      44.0       0.1   243886822  80425708
hdisk904         0.1      44.1       0.1   245381595  79970456
hdisk899         0.1      43.9       0.1   243046547  80446924
hdisk903         0.1      44.1       0.1   244884009  80110568
hdisk905         0.6     196.9       1.8   724794542  726897424
hdisk901         0.1      43.3       0.1   239505534  79748096
hdisk908         0.0      22.3       0.1   106573804  57689892
hdisk909         0.0       0.0       0.0      11925      9000
hdisk902         0.1      43.8       0.1   242336075  80263488
hdisk911         0.0       2.6       0.0   19227348    256104
hdisk910         0.0       0.0       0.0         23      7336
hdisk914         0.1      64.7       0.3   159901599  317307737
hdisk907         0.0      22.2       0.1   106235015  57551660
hdisk912         0.0       5.8       0.2   35324921   7720680
hdisk913         0.0       2.0       0.0   14247930    253084
hdisk921         0.1      54.5       0.1   397335252   4434408
hdisk920         0.1      52.6       0.1   383639868   4223696
hdisk915         0.1      64.7       0.3   158973000  318265697
hdisk918         0.1      53.6       0.1   391106935   4287876
hdisk919         0.1      52.7       0.1   384240009   4255968
hdisk917         0.1      53.4       0.1   389150912   4330760
hdisk924         0.1      53.6       0.1   390974916   4449156

Disks:        % tm_act     Kbps      tps    Kb_read   Kb_wrtn
hdisk928         0.1      54.3       0.1   395460798   4444168
hdisk922         0.1      54.9       0.1   399943492   4528856
hdisk927         0.1      53.2       0.1   387842212   4326788
hdisk929         0.1      53.9       0.1   392698308   4437272
hdisk925         0.1      53.5       0.1   389738766   4404036
hdisk923         0.1      55.0       0.1   400801449   4273188
hdisk926         0.1      54.2       0.1   395307913   4501696
hdisk930         0.1      54.9       0.1   400664490   4330864
hdisk934         0.1      55.0       0.1   401286820   4316024
hdisk938         2.0     108.6       7.4   463649168  336603724
hdisk933         0.1      56.3       0.1   410600102   4205460
hdisk935         2.0     107.3       7.2   467583742  323299976
hdisk932         0.1      53.5       0.1   390324464   4321304
hdisk936         2.0     106.7       7.2   466003825  320266436
hdisk940         2.0     107.2       7.2   460982759  329203948
hdisk943         0.1      42.5       0.1   237700549  75895244
hdisk939         2.0     107.2       7.2   461561271  328802432
hdisk937         2.0     107.2       7.2   462142371  328136620
hdisk942         2.0     108.5       7.4   468050322  331484304
hdisk946         0.1      41.8       0.1   231711840  76454320
hdisk941         2.0     107.7       7.3   464479612  329703376
hdisk947         0.1      42.0       0.1   233068979  76347380
hdisk945         0.1      42.5       0.1   236902628  76430128
hdisk931         0.1      54.7       0.1   399290835   4235664

Disks:        % tm_act     Kbps      tps    Kb_read   Kb_wrtn
hdisk949         0.1      42.8       0.1   238821764  76641292
hdisk951         0.6     187.5       1.7   692986084  689141984
hdisk953         0.0      21.0       0.1   101272337  53776232
hdisk952         0.6     187.7       1.7   693671743  690219032
hdisk954         0.0      21.1       0.1   101379885  53874268
hdisk944         0.1      42.5       0.1   237199702  76270764
hdisk956         0.0       0.0       0.0         44      6892
hdisk950         0.1      42.8       0.1   239251389  75883120
hdisk955         0.0       0.0       0.0      15449      8428
hdisk958         0.0       5.5       0.2   32987052   7506236
hdisk957         0.0       2.5       0.0   18006929    244068
hdisk961         0.1      62.5       0.3   153747437  307324219
hdisk959         0.0       1.9       0.0   13493017    237548
hdisk13          0.0       0.1       0.0     414714    166662
hdisk960         0.1      62.5       0.3   153453964  307625725
hdisk948         0.1      42.3       0.1   235918672  75833476
hdisk311         0.0       0.2       0.0    1060444     72596
hdisk315         0.0       0.2       0.0    1385816    176808
hdisk312         0.0       0.1       0.0    1027012     74948
hdisk508         0.0       0.0       0.0         12         0
hdisk313         0.0       0.2       0.0    1052348     84116
hdisk507         0.0       0.0       0.0          4         0
hdisk509         0.0       0.0       0.0         20         0
hdisk514         0.0       0.0       0.0         28         0

Disks:        % tm_act     Kbps      tps    Kb_read   Kb_wrtn
hdisk512         0.0       0.0       0.0        152         0
hdisk310         0.0       0.2       0.0    1050167     73872
hdisk511         0.0       0.0       0.0         12     18216
hdisk314         0.0       0.2       0.0    1421720    192036
hdisk516         0.0       0.0       0.0        168         0
hdisk517         0.0       0.0       0.0          5         0
hdisk519         0.0       0.0       0.0         20         0
hdisk510         0.0       0.0       0.0          4         0
hdisk506         0.0       0.0       0.0        461         0
hdisk518         0.0       0.0       0.0         16         0
hdisk611         0.0       0.0       0.0          5         0
hdisk610         0.0       0.0       0.0        289         0
hdisk513         0.0       0.0       0.0        196         0
hdisk612         0.0       0.0       0.0          4         0
hdisk515         0.0       0.0       0.0         76         0
hdisk614         0.0       0.0       0.0          4         0
hdisk523         0.0       0.0       0.0          4         0
hdisk522         0.0       0.0       0.0          4         0
hdisk521         0.0       0.0       0.0          4         0
hdisk520         0.0       0.0       0.0          4         0
hdisk616         0.0       0.0       0.0          4     18328
hdisk617         0.0       0.0       0.0          5         0
hdisk613         0.0       0.0       0.0          4         0
hdisk619         0.0       0.0       0.0          4         0

Disks:        % tm_act     Kbps      tps    Kb_read   Kb_wrtn
hdisk618         0.0       0.0       0.0          4         0
hdisk615         0.0       0.0       0.0          4         0
hdisk745         0.0       0.0       0.0          8         0
hdisk712         0.1      53.0       0.1   386725928   4307752
hdisk713         0.1      52.2       0.1   380803636   4272908
hdisk711         0.1      52.8       0.1   384819961   4353996
hdisk717         0.1      54.4       0.1   396893746   4267712
hdisk718         0.1      53.3       0.1   388191666   4426320
hdisk720         0.1      53.9       0.1   392838800   4524132
hdisk6           0.0       0.0       0.0          0         0
hdisk5           0.0       0.0       0.0          0         0
hdisk723         0.1      53.5       0.1   389790149   4422992
hdisk719         0.1      53.0       0.1   386546205   4373388
hdisk721         0.1      52.7       0.1   384111825   4337132
hdisk724         0.1      54.4       0.1   396528210   4357592
hdisk727         0.1      55.9       0.1   408163094   4180820
hdisk722         0.1      53.9       0.1   392728214   4420128
hdisk731         2.0     106.5       7.2   458190861  327203916
hdisk735         2.0     107.0       7.3   460348701  328717924
hdisk728         0.1      54.5       0.1   397429149   4318664
hdisk730         2.0     105.9       7.2   461172560  319179768
hdisk716         0.1      54.5       0.1   397059506   4508640
hdisk733         2.0     106.5       7.2   456947638  327751220
hdisk714         0.1      52.2       0.1   380501004   4267356

Disks:        % tm_act     Kbps      tps    Kb_read   Kb_wrtn
hdisk715         0.1      54.1       0.1   394569209   4384952
hdisk710         0.0       0.0       0.0          8         0
hdisk729         2.0     106.6       7.2   463503261  322248220
hdisk726         0.1      53.3       0.1   388448473   4331776
hdisk725         0.1      54.3       0.1   396220641   4295104
hdisk732         2.0     107.7       7.3   458693699  335511284
hdisk736         2.0     107.9       7.3   464646499  330410204
hdisk734         2.0     106.4       7.2   456109616  328212436
hdisk740         0.1      41.8       0.1   231306254  76703140
hdisk737         0.1      42.5       0.1   236564159  76377312
hdisk741         0.1      42.0       0.1   232621325  76709444
hdisk738         0.1      42.4       0.1   236009635  76591176
hdisk739         0.1      42.5       0.1   236104836  76991492
hdisk802         0.6     187.3       1.7   692527750  687969676
hdisk804         0.0      20.7       0.1   99150749  53687312
hdisk743         0.1      42.6       0.1   237800375  76346432
hdisk744         0.1      42.6       0.1   237633325  76130792
hdisk803         0.6     187.4       1.7   692831259  688612636
hdisk809         0.0       5.5       0.2   32809880   7499280
hdisk806         0.0       0.0       0.0      19305      8280
hdisk810         0.0       1.8       0.0   13312745    232912
hdisk812         0.1      62.3       0.3   152881617  306679895
hdisk808         0.0       2.4       0.0   17577253    239644
hdisk805         0.0      20.8       0.1   99213057  53749420

Disks:        % tm_act     Kbps      tps    Kb_read   Kb_wrtn
hdisk811         0.1      62.3       0.3   152833130  306662181
hdisk748         0.1      56.7       0.1   413614084   4580108
hdisk807         0.0       0.0       0.0         10      7056
hdisk742         0.1      42.2       0.1   234815505  76456680
hdisk753         0.1      57.6       0.1   420145600   4797968
hdisk755         0.1      58.5       0.1   426299367   4865288
hdisk752         0.1      59.1       0.1   430824923   4638276
hdisk750         0.1      58.5       0.1   426527114   4740172
hdisk756         0.1      57.1       0.1   416351435   4696652
hdisk758         0.1      58.0       0.1   422707982   4767888
hdisk759         0.1      59.0       0.1   429951017   4639112
hdisk762         0.1      60.6       0.1   442219301   4552032
hdisk761         0.1      57.5       0.1   419537393   4665280
hdisk760         0.1      58.8       0.1   428759637   4617376
hdisk747         0.1      57.6       0.1   420298071   4611732
hdisk765         2.0     115.5       7.8   505587973  345910128
hdisk766         2.0     116.0       7.9   501228432  354197060
hdisk746         0.1      57.2       0.1   417001142   4645352
hdisk767         2.0     117.4       8.0   502458735  362853156
hdisk768         2.0     116.0       7.8   500448128  354510028
hdisk770         2.0     116.8       7.9   505479879  355730352
hdisk769         2.0     116.1       7.8   501106548  355048928
hdisk772         0.1      44.4       0.1   246846400  80337148
hdisk751         0.1      58.9       0.1   429439640   4878748

Disks:        % tm_act     Kbps      tps    Kb_read   Kb_wrtn
hdisk775         0.1      43.5       0.1   240664694  80199916
hdisk754         0.1      57.6       0.1   419681872   4708668
hdisk773         0.1      44.2       0.1   245871314  79986040
hdisk771         2.0     117.5       8.0   508077983  357803388
hdisk777         0.1      44.1       0.1   244955199  80301024
hdisk779         0.1      44.4       0.1   247276017  80115272
hdisk763         0.1      59.1       0.1   430772333   4646752
hdisk813         0.5     199.4       1.8   731120457  738998464
hdisk776         0.1      43.7       0.1   241856545  80610180
hdisk778         0.1      44.5       0.1   247635854  80138908
hdisk749         0.1      56.6       0.1   412387268   4575896
hdisk764         2.0     116.2       7.9   507869886  349008044
hdisk757         0.1      58.4       0.1   425371924   4792408
hdisk815         0.0      22.5       0.1   107480005  58088260
hdisk816         0.0      22.5       0.1   107325381  58254668
hdisk817         0.0       0.0       0.0      26568      9324
hdisk818         0.0       0.0       0.0         10      7376
hdisk819         0.0       2.7       0.0   19834800    257692
hdisk822         0.1      65.2       0.3   160526335  319827531
hdisk814         0.5     199.6       1.8   731921129  739673004
hdisk821         0.0       2.0       0.0   14635630    256692
hdisk823         0.1      65.0       0.3   160075501  319214060
hdisk14          0.0       0.1       0.0     429705    170844
hdisk774         0.1      44.2       0.1   245586254  79977756

Disks:        % tm_act     Kbps      tps    Kb_read   Kb_wrtn
hdisk820         0.0       5.9       0.2   35518426   7736236
hdisk360         0.0       0.2       0.0    1044159     71052
hdisk363         0.0       0.2       0.0    1404308    193104
hdisk362         0.0       0.2       0.0    1065455     83420
hdisk524         0.0       0.0       0.0       1418         0
hdisk525         0.0       0.0       0.0        437         0
hdisk359         0.0       0.2       0.0    1050813     73044
hdisk526         0.0       0.0       0.0        437         0
hdisk364         0.0       0.2       0.0    1351475    174140
hdisk529         0.0       0.0       0.0        449     18004
hdisk533         0.0       0.0       0.0        505         0
hdisk528         0.0       0.0       0.0        437         0
hdisk361         0.0       0.1       0.0    1024379     75544
hdisk536         0.0       0.0       0.0        445         0
hdisk535         0.0       0.0       0.0        437         0
hdisk527         0.0       0.0       0.0        445         0
hdisk530         0.0       0.0       0.0        581         0
hdisk534         0.0       0.0       0.0        569         0
hdisk531         0.0       0.0       0.0        629         0
hdisk532         0.0       0.0       0.0        457         0
hdisk540         0.0       0.0       0.0        437         0
hdisk541         0.0       0.0       0.0        437         0
hdisk538         0.0       0.0       0.0        437         0
hdisk620         0.0       0.0       0.0        561         0

Disks:        % tm_act     Kbps      tps    Kb_read   Kb_wrtn
hdisk621         0.0       0.0       0.0        264         0
hdisk537         0.0       0.0       0.0        437         0
hdisk623         0.0       0.0       0.0        265         0
hdisk626         0.0       0.0       0.0        265     18076
hdisk624         0.0       0.0       0.0        265         0
hdisk627         0.0       0.0       0.0        265         0
hdisk629         0.0       0.0       0.0        265         0
hdisk539         0.0       0.0       0.0        437         0
hdisk622         0.0       0.0       0.0        265         0
hdisk15          0.0       0.1       0.0     420463    166309
hdisk625         0.0       0.0       0.0        265         0
hdisk628         0.0       0.0       0.0        265         0
hdisk410         0.0       0.1       0.0    1008940     74788
hdisk409         0.0       0.2       0.0    1046044     73020
hdisk408         0.0       0.2       0.0    1235455     72420
hdisk411         0.0       0.2       0.0    1056340     83504
hdisk412         0.0       0.2       0.0    1410556    191444
hdisk544         0.0       0.0       0.0          4         0
hdisk542         0.0       0.1       0.0     455641         0
hdisk413         0.0       0.2       0.0    1365072    176008
hdisk547         0.0       0.0       0.0          8     18076
hdisk548         0.0       0.0       0.0        148         0
hdisk546         0.0       0.0       0.0          4         0
hdisk549         0.0       0.0       0.0        196         0

Disks:        % tm_act     Kbps      tps    Kb_read   Kb_wrtn
hdisk551         0.0       0.0       0.0         72         0
hdisk545         0.0       0.0       0.0         12         0
hdisk550         0.0       0.0       0.0         24         0
hdisk555         0.0       0.0       0.0          4         0
hdisk552         0.0       0.0       0.0        136         0
hdisk556         0.0       0.0       0.0          4         0
hdisk557         0.0       0.0       0.0          4         0
hdisk554         0.0       0.0       0.0         12         0
hdisk543         0.0       0.0       0.0          4         0
hdisk553         0.0       0.0       0.0          4         0
hdisk631         0.0       0.0       0.0          4         0
hdisk632         0.0       0.0       0.0          4         0
hdisk558         0.0       0.0       0.0          4         0
hdisk635         0.0       0.0       0.0          4         0
hdisk630         0.0       0.0       0.0     279829         0
hdisk559         0.0       0.0       0.0          4         0
hdisk634         0.0       0.0       0.0          4         0
hdisk633         0.0       0.0       0.0          4         0
hdisk638         0.0       0.0       0.0          4         0
hdisk637         0.0       0.0       0.0          4         0
hdisk636         0.0       0.0       0.0          4     18124
hdisk639         0.0       0.0       0.0          4         0
hdiskpower0      0.0       0.0       0.0          4         0
hdiskpower1      0.0       1.0       0.3    6300719   1179087

Disks:        % tm_act     Kbps      tps    Kb_read   Kb_wrtn
hdiskpower45     0.0       1.1       0.0    7567818    514164
hdiskpower46     0.0       1.1       0.0    7324548    503116
hdiskpower47     0.0       1.0       0.0    7175056    526096
hdiskpower48     0.0       1.1       0.0    7358044    590676
hdiskpower49     0.0       1.5       0.1    9930760   1347912
hdiskpower50     0.0       1.5       0.1    9665804   1232160
hdiskpower53     0.0       0.1       0.0     671290         0
hdiskpower54     0.0       0.0       0.0        434         0
hdiskpower55     0.0       0.0       0.0        458         0
hdiskpower56     0.0       0.0       0.0        530         0
hdiskpower57     0.0       0.0       0.0        434         0
hdiskpower58     0.0       0.0       0.0        474    126652
hdiskpower59     0.0       0.0       0.0       1462         0
hdiskpower60     0.0       0.0       0.0       1778         0
hdiskpower61     0.0       0.0       0.0        590         0
hdiskpower62     0.0       0.0       0.0        914         0
hdiskpower63     0.0       0.0       0.0       1390         0
hdiskpower64     0.0       0.0       0.0        434         0
hdiskpower65     0.0       0.0       0.0        494         0
hdiskpower66     0.0       0.0       0.0        450         0
hdiskpower67     0.0       0.0       0.0        434         0
hdiskpower68     0.0       0.0       0.0        434         0
hdiskpower69     0.0       0.0       0.0        434         0
hdiskpower70     0.0       0.0       0.0        434         0

Disks:        % tm_act     Kbps      tps    Kb_read   Kb_wrtn
hdiskpower71     0.0       0.1       0.0     411914         0
hdiskpower72     0.0       0.0       0.0        262         0
hdiskpower73     0.0       0.0       0.0        262         0
hdiskpower74     0.0       0.0       0.0        262         0
hdiskpower75     0.0       0.0       0.0        262         0
hdiskpower76     0.0       0.0       0.0        262         0
hdiskpower77     0.0       0.0       0.0        262    127136
hdiskpower78     0.0       0.0       0.0        262         0
hdiskpower79     0.0       0.0       0.0        262         0
hdiskpower80     0.0       0.0       0.0        262         0
hdiskpower81     0.4     439.1       0.9   3201144906  35943960
hdiskpower82     0.4     442.0       1.0   3222517297  35525400
hdiskpower83     0.4     434.4       1.0   3167008257  35342424
hdiskpower84     0.4     433.7       1.0   3162163537  35183056
hdiskpower85     0.5     448.8       1.0   3271875737  36443524
hdiskpower86     0.5     452.4       1.0   3297464057  37448408
hdiskpower87     0.5     452.9       1.0   3302759337  35616940
hdiskpower88     0.4     442.7       1.0   3226585689  36786480
hdiskpower89     0.4     441.3       1.0   3216696033  36194392
hdiskpower90     0.5     447.9       1.0   3264451417  37484456
hdiskpower91     0.4     438.3       1.0   3195096289  35974180
hdiskpower92     0.5     447.4       1.0   3261513185  36839528
hdiskpower93     0.5     444.8       1.0   3241959353  36689376
hdiskpower94     0.5     452.7       1.0   3301081617  35953664

Disks:        % tm_act     Kbps      tps    Kb_read   Kb_wrtn
hdiskpower95     0.5     451.7       1.0   3294002809  35396256
hdiskpower96     0.4     441.7       1.0   3219760281  35938312
hdiskpower97     0.5     464.6       1.0   3389863937  34855180
hdiskpower98     0.5     453.0       1.0   3303772601  35811424
hdiskpower99    10.4     889.6      60.2   3873044482  2684519808
hdiskpower100   10.3     884.4      59.9   3859425867  2660002952
hdiskpower101   10.3     889.2      60.2   3830544139  2724426952
hdiskpower102   10.4     899.5      61.1   3838919819  2791876448
hdiskpower103   10.3     888.5      60.1   3821002507  2728249700
hdiskpower104   10.3     889.1      60.1   3822087275  2731859940
hdiskpower105   10.4     894.0      60.9   3853363547  2736665560
hdiskpower106   10.4     899.8      61.2   3880524531  2752100684
hdiskpower107    0.3     346.6       0.8   1928977930  626092444
hdiskpower108    0.3     346.0       0.8   1923665104  626962160
hdiskpower109    0.3     345.7       0.8   1921735960  626712136
hdiskpower110    0.3     340.4       0.8   1882065124  626913404
hdiskpower111    0.3     341.8       0.8   1892134420  627608236
hdiskpower112    0.3     344.8       0.8   1914911204  626709776
hdiskpower113    0.3     347.5       0.8   1936574676  625199140
hdiskpower114    0.3     347.7       0.8   1937759816  625254056
hdiskpower115    3.0     1539.5      14.2   5677611506  5671125396
hdiskpower116    3.0     1540.5      14.2   5680943098  5674529424
hdiskpower117    0.2     172.9       0.8   828530074  446183492
hdiskpower118    0.2     172.9       0.8   827779706  447097172

Disks:        % tm_act     Kbps      tps    Kb_read   Kb_wrtn
hdiskpower119    0.0       0.0       0.0     152538     69860
hdiskpower120    0.0       0.0       0.0         90     56792
hdiskpower121    0.0      20.5       0.2   149421428   1994224
hdiskpower122    0.2      45.3       1.8   272913713  61058308
hdiskpower123    0.0      15.4       0.1   111541329   1958404
hdiskpower124    0.5     509.9       2.3   1253802191  2504871404
hdiskpower125    0.5     509.5       2.3   1251227499  2504871380
hdisk16          0.0       3.6       0.4    8438182  18264653
hdisk17          0.0       3.9       0.4    9828400  19107293
hdisk19          0.0       3.7       0.4    8651402  18584995
hdisk18          0.0       4.0       0.4   10002935  19394820
hdisk20          0.0       4.0       0.4    9937359  19244738
hdisk21          0.0       3.6       0.4    8540151  18333138
hdisk22          0.0       3.7       0.4    8565205  18473564
hdisk23          0.0       4.0       0.4    9992741  19373032
hdiskpower2      0.2      30.5       3.0   73956345  150776235
==== EXITED with rc 0 ====
==== END iostat -A Tue Jul  7 00:45:13 GST 2015 ====
