==== This output can be found in Systems/dx988/perf/mpstat-a.txt ====
==== START mpstat -a Thu Aug  6 11:16:45 GST 2015 ====

System configuration: lcpu=24 ent=4.0 mode=Uncapped 

cpu    min    maj   mpcs   mpcr    dev   soft    dec     ph     cs    ics  bound     rq   push S3pull  S3grd  S0rd  S1rd  S2rd  S3rd  S4rd  S5rd   sysc    us    sy    wa    id    pc   %ec   ilcs   vlcs S3hrd S4hrd S5hrd
cpu    min    maj   mpcs   mpcr    dev   soft    dec     ph     cs    ics  bound     rq   push S3pull  S3grd  S0rd  S1rd  S2rd  S3rd  S4rd  S5rd   sysc    us    sy    wa    id    pc   %ec   ilcs   vlcs S3hrd S4hrd S5hrd  %nsp
  0 7186347  99630   3864      1  21391  65152 242164  43780 426602 126691      1      3      0   3633  13543  98.0   0.0   0.0   0.4   0.0   1.5 130163133  54.1  45.1   0.2   0.6  0.00   0.0  15326 308258  72.3  27.7   0.0     0
  1   1124    107      0    169  20097    130  14686    169   1214    236      0      0      0      0      0  81.6  18.4   0.0   0.0   0.0   0.0  11939   0.3   1.0   0.1  98.6  0.00   0.0   1319  35591  90.3   9.7   0.0     0
  2      1      0      0    169  20019     85  14828    170    121    120      0      0      0      0      0   0.0 100.0   0.0   0.0   0.0   0.0      1   0.0   1.1   0.0  98.9  0.00   0.0   1313  35012  99.2   0.8   0.0     0
  3      5      0      0    169  19957    127  14404    143    124    121      0      0      0      0      0   0.8  99.2   0.0   0.0   0.0   0.0      7   0.0   0.8   0.0  99.2  0.00   0.0   1314  34543  98.4   1.6   0.0     0
  4 3423401   9230      0    169  20322   2298  66843  13906  95655  34388      0      0      0   2385  11140  92.5   0.5   0.0   1.3   0.0   5.7 16623279  53.4  44.6   0.1   1.9  0.00   0.0   1406 119664  57.5  42.5   0.0     0
  5  30585   1192      0    169  13106     66   5134    678  18948  12308      0      0      0      0      0  94.8   5.2   0.0   0.0   0.0   0.0 306689  13.2   4.9   0.2  81.7  0.00   0.0   1583  20883  42.2  57.8   0.0     0
  6     36      1      0    169  13077     18   3425    108    127    123      0      0      0      0      0   0.8  98.5   0.0   0.0   0.0   0.8     70   0.0   2.4   0.0  97.6  0.00   0.0   1572  15833   6.9  93.1   0.0     0
  7      4      1      0    169  13040     11   3440     91    121    121      0      0      0      0      0   0.0  99.2   0.0   0.0   0.0   0.8      1   0.0   2.3   0.0  97.7  0.00   0.0   1574  15812   2.4  97.6   0.0     0
  8 356300   4165      0    169   1304     40   4963   2905  27962   1897      0      0      0    445    194  91.6   0.0   0.0   6.4   0.0   1.9 5139983  48.3  50.7   0.2   0.8  0.00   0.0   1811  23907  90.9   9.1   0.0     0
  9      0      0      0    169   1043      1   1413      9    115    115      0      0      0      0      0   0.0 100.0   0.0   0.0   0.0   0.0      0   0.0   0.9   0.0  99.1  0.00   0.0   1741   1417 100.0   0.0   0.0     0
 10      0      0      0    169   1040      1   1409     11    116    116      0      0      0      0      0   0.9  98.3   0.0   0.9   0.0   0.0      0   0.0   0.9   0.0  99.1  0.00   0.0   1741   1410 100.0   0.0   0.0     0
 11      0      0      0    169   1040      2   1416     14    115    115      0      0      0      0      0   0.0  99.1   0.0   0.9   0.0   0.0      0   0.0   0.9   0.0  99.1  0.00   0.0   1739   1418 100.0   0.0   0.0     0
 12 275661   4029      0    169    961     50   3911   1618  23315   4473      0      0      0    482    656  89.2   0.8   0.0   5.5   0.0   4.5 947141  59.4  38.0   0.2   2.4  0.00   0.0   1667  16403  85.9  14.1   0.0     0
 13   4884    192      0    169    822      1   1464    154   2767    339      0      0      0      0      0  82.6  17.3   0.0   0.0   0.0   0.0  28777  23.6   7.5   0.8  68.1  0.00   0.0   1621   2959  86.1  13.9   0.0     0
 14      0      0      0    169    808      2   1219     18    115    115      0      0      0      0      0   0.0  99.1   0.0   0.0   0.0   0.9      0   0.0   1.8   0.0  98.2  0.00   0.0   1624   1303   1.7  98.3   0.0     0
 15      1      0      0    169    820      2   1220     13    116    116      0      0      0      0      0   0.0  99.1   0.0   0.0   0.0   0.9      0   0.0   1.9   0.0  98.1  0.00   0.0   1622   1320   2.6  97.4   0.0     0
 16 293322   1826      0    169  21430    261  36249   2105  10936   1415      0      0      0    398    145  83.1   0.0   0.0  12.7   0.0   4.2 3144533  46.6  50.2   0.1   3.1  0.00   0.0   1223  63037  81.1  18.9   0.0     0
 17      0      0      0    169    617      1   1345      4    115    115      0      0      0      0      0   0.0 100.0   0.0   0.0   0.0   0.0      0   0.0   0.7   0.0  99.3  0.00   0.0   1768    917 100.0   0.0   0.0     0
 18      0      0      0    169    613      1   1344     15    115    115      0      0      0      0      0   0.0 100.0   0.0   0.0   0.0   0.0      0   0.0   0.7   0.0  99.3  0.00   0.0   1768    912 100.0   0.0   0.0     0
 19      0      0      0    169    616      3   1344     11    115    115      0      0      0      0      0   0.0 100.0   0.0   0.0   0.0   0.0      0   0.0   0.7   0.0  99.3  0.00   0.0   1768    915 100.0   0.0   0.0     0
 20 2121193   3731      0    169  20972  16515  51719   7265  47389  10680      0      0      0     15   9027  92.0   0.5   0.0   0.0   0.0   7.5 4331913  52.6  45.4   0.1   1.9  0.00   0.0   1262  98948  58.3  41.7   0.0     0
 21  23517    829     23    168   4309     25   4894    346   8761    815      0      0      0      0     38  94.1   5.5   0.0   0.0   0.0   0.4  88694   8.2   7.5   0.3  84.0  0.00   0.0   1571  15814  27.7  72.3   0.0     0
 22   5325     63      0    169   4324     17   2889    103    408    154      0      0      0      0     15  57.0  39.9   0.0   0.0   0.0   3.1   7747   0.4   3.8   0.0  95.7  0.00   0.0   1663   6407  15.1  84.9   0.0     0
 23   2094      5      0    169   4258      5   2610     78    308    158      0      0      0      0     35  32.8  56.2   0.0   0.0   0.0  10.9   2086   0.1  10.2   0.0  89.6  0.00   0.0   1570   6096  18.3  81.7   0.0     0
ALL 13723800 125001   3887   3887 205986  84814 484333  73714 665680 194961      1      3      0   7358  34793  95.7   0.6   0.0   1.1   0.0   2.6 160795993  34.1  29.2   0.1  36.6  0.00   0.0  51566 828779  69.2  30.8   0.0     0
==== EXITED with rc 0 ====
==== END mpstat -a Thu Aug  6 11:16:45 GST 2015 ====
