==== This output can be found in Systems/dx988/perf/mpstat-d.txt ====
==== START mpstat -d Thu Aug  6 11:16:45 GST 2015 ====

System configuration: lcpu=24 ent=4.0 mode=Uncapped 

cpu     cs    ics  bound     rq   push S3pull  S3grd  S0rd  S1rd  S2rd  S3rd  S4rd  S5rd   ilcs   vlcs S3hrd S4hrd S5hrd
cpu     cs    ics  bound     rq   push S3pull  S3grd  S0rd  S1rd  S2rd  S3rd  S4rd  S5rd   ilcs   vlcs S3hrd S4hrd S5hrd  %nsp
  0 426940 126977      1      2      0   3633  13548  98.0   0.0   0.0   0.4   0.0   1.5  15326 308280  72.2  27.8   0.0     0
  1   1215    237      0      0      0      0      0  81.5  18.5   0.0   0.0   0.0   0.0   1319  35596  90.3   9.7   0.0     0
  2    123    121      0      0      0      0      0   0.8  99.2   0.0   0.0   0.0   0.0   1313  35016  99.2   0.8   0.0     0
  3    124    121      0      0      0      0      0   0.8  99.2   0.0   0.0   0.0   0.0   1314  34548  98.4   1.6   0.0     0
  4  95690  34401      0      0      0   2387  11147  92.5   0.5   0.0   1.3   0.0   5.7   1406 119683  57.5  42.5   0.0     0
  5  18948  12308      0      0      0      0      0  94.8   5.2   0.0   0.0   0.0   0.0   1583  20889  42.2  57.8   0.0     0
  6    127    123      0      0      0      0      0   0.8  98.5   0.0   0.0   0.0   0.8   1572  15838   6.9  93.1   0.0     0
  7    121    121      0      0      0      0      0   0.0  99.2   0.0   0.0   0.0   0.8   1574  15818   2.4  97.6   0.0     0
  8  27962   1897      0      0      0    445    194  91.6   0.0   0.0   6.4   0.0   1.9   1811  23907  90.9   9.1   0.0     0
  9    115    115      0      0      0      0      0   0.0 100.0   0.0   0.0   0.0   0.0   1741   1417 100.0   0.0   0.0     0
 10    116    116      0      0      0      0      0   0.9  98.3   0.0   0.9   0.0   0.0   1741   1410 100.0   0.0   0.0     0
 11    115    115      0      0      0      0      0   0.0  99.1   0.0   0.9   0.0   0.0   1739   1418 100.0   0.0   0.0     0
 12  23315   4473      0      0      0    482    656  89.2   0.8   0.0   5.5   0.0   4.5   1667  16403  85.9  14.1   0.0     0
 13   2767    339      0      0      0      0      0  82.6  17.3   0.0   0.0   0.0   0.0   1621   2959  86.1  13.9   0.0     0
 14    115    115      0      0      0      0      0   0.0  99.1   0.0   0.0   0.0   0.9   1624   1303   1.7  98.3   0.0     0
 15    116    116      0      0      0      0      0   0.0  99.1   0.0   0.0   0.0   0.9   1622   1320   2.6  97.4   0.0     0
 16  10936   1415      0      0      0    398    145  83.1   0.0   0.0  12.7   0.0   4.2   1223  63043  81.1  18.9   0.0     0
 17    115    115      0      0      0      0      0   0.0 100.0   0.0   0.0   0.0   0.0   1768    917 100.0   0.0   0.0     0
 18    115    115      0      0      0      0      0   0.0 100.0   0.0   0.0   0.0   0.0   1768    912 100.0   0.0   0.0     0
 19    115    115      0      0      0      0      0   0.0 100.0   0.0   0.0   0.0   0.0   1768    915 100.0   0.0   0.0     0
 20  47389  10680      0      0      0     15   9027  92.0   0.5   0.0   0.0   0.0   7.5   1262  98960  58.3  41.7   0.0     0
 21   8761    815      0      0      0      0     38  94.1   5.5   0.0   0.0   0.0   0.4   1571  15814  27.7  72.3   0.0     0
 22    408    154      0      0      0      0     15  57.0  39.9   0.0   0.0   0.0   3.1   1663   6407  15.1  84.9   0.0     0
 23    308    158      0      0      0      0     35  32.8  56.2   0.0   0.0   0.0  10.9   1570   6096  18.3  81.7   0.0     0
ALL 666056 195262      1      2      0   7360  34805  95.7   0.6   0.0   1.1   0.0   2.6  51566 828869  69.2  30.8   0.0     0
==== EXITED with rc 0 ====
==== END mpstat -d Thu Aug  6 11:16:45 GST 2015 ====
