==== This output can be found in Systems/dx978/perf/mpstat-a.txt ====
==== START mpstat -a Mon Jul  6 23:33:05 GST 2015 ====

System configuration: lcpu=48 ent=6.0 mode=Uncapped 

cpu    min    maj   mpcs   mpcr    dev   soft    dec     ph     cs    ics  bound     rq   push S3pull  S3grd  S0rd  S1rd  S2rd  S3rd  S4rd  S5rd   sysc    us    sy    wa    id    pc   %ec   ilcs   vlcs S3hrd S4hrd S5hrd
cpu    min    maj   mpcs   mpcr    dev   soft    dec     ph     cs    ics  bound     rq   push S3pull  S3grd  S0rd  S1rd  S2rd  S3rd  S4rd  S5rd   sysc    us    sy    wa    id    pc   %ec   ilcs   vlcs S3hrd S4hrd S5hrd  %nsp
  0 1493562489  49992 132645 830505 22287890 350246819 1581814020 29237257 11577947262 218125839      1     95     17 2362948 34218620  99.6   0.1   0.0   0.0   0.0   0.3 54427094912  13.3  84.6   0.0   2.0  0.03   0.0 3689915 1602488278  39.5  60.5   0.0     0
  1 14651825    457  89573   2928 20141012 196955 65811761 223144 41170479 1982432      0      0      0    166     50  76.1  23.9   0.0   0.0   0.0   0.0 191446992   0.6   1.7   0.0  97.6  0.01   0.0 563681 95081865  34.0  66.0   0.0     0
  2 374509     18  89264   2926 19527319 165124 62675621  96214 3241529 685078      0      0      0      1    136  51.2  48.8   0.0   0.0   0.0   0.0 10521519   0.0   0.6   0.0  99.4  0.01   0.0 432639 82601471  47.8  52.2   0.0     0
  3 285392     29  88407   2926 19103654 156594 62637207  86685 3167779 675971      0      0      0      1     34  52.0  48.0   0.0   0.0   0.0   0.0 4467491   0.0   0.5   0.0  99.4  0.01   0.0 430815 82118963  48.2  51.8   0.0     0
  4 24855374   4179   3748   2924  72710  11454 14673437  85809 4034558 787337      0      0      0  90261  37362  76.1   0.0   0.0  21.0   0.0   2.9 59660806  51.2  34.6   0.0  14.2  0.00   0.0 7135945 1770119  82.1  17.9   0.0     0
  5 252273     86   2104   2926  51331    248 14304283  23925 661056 656208      0      0      0     84     12   2.2  97.8   0.0   0.0   0.0   0.0 917909   3.9  18.5   0.0  77.5  0.00   0.0 7121650 152936  99.8   0.2   0.0     0
  6   4635      3   2121   2926  49228     68 3969750  14550 647815 647401      0      0      0      0      8   0.1  99.8   0.0   0.0   0.0   0.0   2820   0.1  10.6   0.0  89.3  0.00   0.0 1955255 121239 100.0   0.0   0.0     0
  7   3567      5   1958   2926  48281     75 3969052  12963 647829 647377      0      0      0      0      5   0.1  99.8   0.0   0.0   0.0   0.0   3182   0.0  10.4   0.0  89.6  0.00   0.0 1955186 119579 100.0   0.0   0.0     0
  8 12639268   2791 115023   2928 22384840 232090 112714950 183926 1772511 697110      0      0      0  36268  10484  57.0   0.0   0.0  40.7   0.0   2.4 28394488  14.5  53.4   0.0  32.1  0.00   0.0  26002 136205456  84.3  15.7   0.0     0
  9 201259     81    734   2926  24346    222 14284097  12555 668081 665065      0      0      0     85     11   3.2  96.7   0.0   0.0   0.0   0.0 1317697   0.6   3.1   0.0  96.3  0.00   0.0 7123411  86930  99.9   0.1   0.0     0
 10   3314      2    731   2926  21894     32 3942653   9703 656908 656425      0      0      0      0      5   1.5  98.4   0.0   0.0   0.0   0.0   2364   0.0   1.6   0.0  98.3  0.00   0.0 1954078  60380 100.0   0.0   0.0     0
 11   8444      8    728   2926  21800     29 3935607  10340 651078 650336      0      0      0      0      6   0.6  99.3   0.0   0.0   0.0   0.0   3753   0.0   1.6   0.0  98.4  0.00   0.0 1954079  60365 100.0   0.0   0.0     0
 12 1481762    741     74   2926   5888    227 14259510  48386 670404 656828      0      0      0   1634   1219   3.3   0.0   0.0  96.4   0.0   0.3 1729165  21.3  36.0   0.0  42.7  0.00   0.0 7144059  50804  98.8   1.2   0.0     0
 13 183740     75     70   2926   5746    158 14249244  19623 657942 654481      0      0      0     26      4   1.7  98.2   0.0   0.0   0.0   0.0 659362   5.3  43.2   0.0  51.5  0.00   0.0 7127413  45180  99.9   0.1   0.0     0
 14   2107      1     51   2926   3469     19 3908724  14695 647524 647183      0      0      0      0      0   0.1  99.9   0.0   0.0   0.0   0.0   2061   0.0  21.2   0.0  78.8  0.00   0.0 1954485  19971 100.0   0.0   0.0     0
 15   2054      8     57   2926   3613     19 3909798  13346 647599 647254      0      0      0      0      0   0.1  99.9   0.0   0.0   0.0   0.0  22364   0.1  20.5   0.0  79.3  0.00   0.0 1954558  20945 100.0   0.0   0.0     0
 16 363575663  34762 115294   2929 22359957 59540419 141748242 1329592 321846808 9021813      1      1      1 158242 12969023  95.7   0.1   0.0   0.0   0.0   4.1 1708234535  36.5  58.4   0.1   5.0  0.00   0.0  59864 175234856  32.8  67.2   0.0     0
 17 2490022    283  34104   2927 1210089   6907 15368052  27926 2780632 794044      0      0      0     61   1303  62.0  37.9   0.0   0.0   0.0   0.1 10449717   1.1   2.9   0.0  95.9  0.00   0.0 6984670 3721737  35.3  64.7   0.0     0
 18 110993     17  33957   2926 1181235   3772 15220428  20633 895923 652841      0      0      0      0    898  20.9  79.0   0.0   0.0   0.0   0.1 804268   0.1   1.5   0.0  98.4  0.00   0.0 6973016 3063337  13.4  86.6   0.0     0
 19 114432     25  33826   2926 1156201   3477 15217012  22543 879643 652162      0      0      0      0    544  19.7  80.2   0.0   0.0   0.0   0.1 785664   0.1   1.5   0.0  98.4  0.00   0.0 6973057 3028263  12.2  87.8   0.0     0
 20 357883870  77925 118986   2861 22355544 15445526 236430200 1960122 619551612 13703148      0      0      0 149265 25093581  95.8   0.1   0.0   0.0   0.0   4.1 2901422938  26.2  69.6   0.0   4.2  0.00   0.0  18473 272120823  32.3  67.7   0.0     0
 21 3483619   1751  29006   2929 1485453  13634 7819534  26956 3801598 820900      0      0      0     40   3254  66.2  33.7   0.0   0.0   0.0   0.1 17042842   1.2   1.9   0.0  96.9  0.00   0.0 2035925 6042098  24.0  76.0   0.0     0
 22 167124     67  28778   2926 1424538   7438 7564590  14820 1063638 655072      0      0      0      0   2391  29.0  70.8   0.0   0.0   0.0   0.2 1535862   0.1   0.9   0.0  99.0  0.00   0.0 2019303 4937970   9.9  90.1   0.0     0
 23 137672     81  28655   2926 1373657   6796 7570994  16775 1057847 657350      0      0      0      0   1504  29.5  70.3   0.0   0.0   0.0   0.2 1317574   0.1   0.9   0.0  99.1  0.00   0.0 2021171 4892840   9.5  90.5   0.0     0
 24 1016488    442     56   2926   5318    205 14247631  72777 662463 654883      0      0      0   1312   1028   2.2   0.0   0.0   0.4   0.0  97.4 1644765  16.3  37.3   0.0  46.4  0.00   0.0 7146311  42935  99.1   0.9   0.0     0
 25 205199     68     59   2926   5398    192 14246163  30962 654005 651408      0      0      0     16      5   1.1  98.8   0.0   0.0   0.0   0.0 628067   4.3  42.6   0.0  53.0  0.00   0.0 7130978  42652  99.9   0.1   0.0     0
 26   1181      1     65   2926   5447     56 14239314  30570 649067 648704      0      0      0      0      0   0.3  99.6   0.0   0.0   0.0   0.0   1441   0.2  35.5   0.0  64.4  0.00   0.0 7125417  31202 100.0   0.0   0.0     0
 27    803      2     48   2926   3210     25 3908776  21492 647450 647112      0      0      0      0      0   0.1  99.9   0.0   0.0   0.0   0.0   1163   0.1  18.9   0.0  81.0  0.00   0.0 1953876  19580 100.0   0.0   0.0     0
 28 19849257   2852   3914   2926  73451   8607 14008809 139707 3084347 741867      0      0      0   4428 103647  73.9   0.0   0.0   2.4   0.0  23.7 34746409  46.7  35.7   0.0  17.5  0.00   0.0 7168911 1784145  74.9  25.1   0.0     0
 29 277763     90   2696   2925  56114    113 13743783  33703 657697 651587      0      0      0      2      2   1.8  98.2   0.0   0.0   0.0   0.0 290976   3.7  32.4   0.0  63.9  0.00   0.0 7143150 157440   1.9  98.1   0.0     0
 30   8680     62   2639   2926  53654     71 3970378  15753 648192 647167      0      0      0      0      0   0.2  99.8   0.0   0.0   0.0   0.0   6345   0.1  12.8   0.0  87.0  0.00   0.0 1958877 127086   0.2  99.8   0.0     0
 31  11235      0   2613   2926  55785    128 13732342  57396 648023 647156      0      0      0      0      1   0.2  99.8   0.0   0.0   0.0   0.0   6317   0.0  29.0   0.0  71.0  0.00   0.0 7131127 139331   0.2  99.8   0.0     0
 32 22043359  12961   6234   2916  94073  25689 14085073  68627 3235826 769173      0      0      0   2846 112722  74.2   0.0   0.0   2.9   0.0  22.9 38799767  56.1  30.8   0.1  13.0  0.00   0.0 7122886 1820027  72.6  27.4   0.0     0
 33 268918   2118   3114   2926  59606    176 3982370  13151 664322 659536      0      0      0      1     10   3.0  97.0   0.0   0.0   0.0   0.0 765189   5.1  13.1   0.1  81.6  0.00   0.0 1957958 153195   3.1  96.9   0.0     0
 34   9002     60   3137   2926  59087     63 3971258  11281 647853 647213      0      0      0      0      6   0.2  99.8   0.0   0.0   0.0   0.0   5803   0.1  12.7   0.0  87.2  0.00   0.0 1953640 133099   0.2  99.8   0.0     0
 35   5106     61   3288   2926  58847     50 3971335  13969 647820 647164      0      0      0      0      5   0.1  99.8   0.0   0.0   0.0   0.0  15280   0.1  12.4   0.0  87.5  0.00   0.0 1953643 132567   0.2  99.8   0.0     0
 36 976980    548     60   2926   5187    263 14246520  83576 663496 654642      0      0      0   1335   1002   2.3   0.0   0.0   0.4   0.0  97.3 1304529  14.5  52.5   0.0  33.0  0.00   0.0 7146131  42472  99.0   1.0   0.0     0
 37 170359    110     65   2926   5359    144 14245707  28537 655710 652702      0      0      0     22      9   1.4  98.6   0.0   0.0   0.0   0.0 491329   4.1  42.1   0.0  53.7  0.00   0.0 7131410  43769  99.9   0.1   0.0     0
 38    388      0     54   2926   3214     31 3907239  17590 647551 647241      0      0      0      0      0   0.1  99.9   0.0   0.0   0.0   0.0    903   0.0  20.7   0.0  79.3  0.00   0.0 1953996  18106 100.0   0.0   0.0     0
 39    358      3     50   2926   3260     17 3907042  14566 647583 647189      0      0      0      0      0   0.1  99.9   0.0   0.0   0.0   0.0   1036   0.0  20.4   0.0  79.6  0.00   0.0 1954062  17907 100.0   0.0   0.0     0
 40 6186775   1175    909   2928  23595   1643 13765363 131325 1226938 665956      0      0      0   1076  20126  45.1   0.0   0.0   1.8   0.0  53.1 15628911  28.0  46.6   0.0  25.4  0.00   0.0 7171232 516705  48.5  51.5   0.0     0
 41 232622    126    726   2926  21099    111 13697423  38570 658572 651397      0      0      0      2      2   1.8  98.1   0.0   0.0   0.0   0.0 214076   3.7  55.2   0.0  41.0  0.00   0.0 7152641  81885   1.9  98.1   0.0     0
 42   3260      6    688   2926  18548     41 3928151  17562 648347 647212      0      0      0      0      0   0.2  99.7   0.0   0.0   0.0   0.0   3863   0.2  18.5   0.0  81.3  0.00   0.0 1959246  53211   0.2  99.8   0.0     0
 43   7848     25    700   2926  18516     35 3928331  14315 647856 647281      0      0      0      0      4   0.2  99.8   0.0   0.0   0.0   0.0   4344   0.2  18.3   0.0  81.6  0.00   0.0 1959465  52732   0.1  99.9   0.0     0
 44 6297536   8501    956   2925  23492   4139 13767400 100197 1262020 669886      0      0      0    617  19093  46.5   0.0   0.0   1.8   0.0  51.8 14611147  31.8  42.9   0.0  25.3  0.00   0.0 7141669 514484  50.0  50.0   0.0     0
 45 217848   1266    613   2926  16511    195 3937728  14218 655463 651362      0      0      0      1      2   1.5  98.4   0.0   0.0   0.0   0.0 230354   5.5  17.1   0.1  77.3  0.00   0.0 1962810  67786   1.6  98.4   0.0     0
 46   5990     40    553   2926  16360     41 3930363  12744 648128 647287      0      0      0      0      5   0.2  99.8   0.0   0.0   0.0   0.0  29097   0.3  17.0   0.0  82.8  0.00   0.0 1959139  52856   0.2  99.8   0.0     0
 47   6595     57    561   2926  16464     69 3930203  14741 647820 647262      0      0      0      0      3   0.1  99.8   0.0   0.0   0.0   0.0  22056   0.2  17.0   0.0  82.8  0.00   0.0 1959080  52585   0.1  99.9   0.0     0
ALL 2334278957 203961 983692 967961 157001290 426080206 2643297468 34509817 12611624604 272282042      2     96     18 2810740 72598126  99.0   0.4   0.0   0.0   0.0   0.6 59477293452   9.3  50.2   0.0  40.4  0.05   0.9 188806305 2480144162  39.0  61.0   0.0     0
==== EXITED with rc 0 ====
==== END mpstat -a Mon Jul  6 23:33:05 GST 2015 ====
