==== This output can be found in Systems/dx978/perf/mpstat_5_2.txt ====
==== START mpstat 5 2 Mon Jul  6 23:32:54 GST 2015 ====

System configuration: lcpu=48 ent=6.0 mode=Uncapped 

cpu  min  maj  mpc  int   cs  ics   rq  mig lpa sysc us sy wa id   pc  %ec  lcs
  0 5803    0    0  151 5920  115    1 1383  96 176511 46 52  0  1 0.19  0.0  519
  1    0    0    0   12    0    0    0    0   -    0  0  0  0 100 0.04  0.0   12
  2    0    0    0   12    0    0    0    0   -    0  0  0  0 100 0.04  0.0   12
  3    0    0    0   11    0    0    0    0   -    0  0  0  0 100 0.04  0.0   12
  4  334    0    0   22   28    0    0   44  97 1668 26 72  0  2 0.01  0.0   29
  5    0    0    0    3    0    0    0    0   -    0  0  0  0 100 0.00  0.0    3
  6    0    0    0    2    0    0    0    0   -    0  0  0  0 100 0.00  0.0    2
  7    0    0    0    2    0    0    0    0   -    0  0  0  0 100 0.00  0.0    2
  8    0    0    0   20    0    0    0    0   -    0  0 53  0 47 0.00  0.0   20
  9    0    0    0    2    0    0    0    0   -    0  0  2  0 98 0.00  0.0    1
 10    0    0    0    0    0    0    0    0   -    0  0  0  0 100 0.00  0.0    0
 11    0    0    0    0    0    0    0    0   -    0  0  0  0 100 0.00  0.0    0
 12    0    0    0    2    0    0    0    0   -    0  0 24  0 76 0.00  0.0    1
 13    0    0    0    2    0    0    0    0   -    0  0 30  0 70 0.00  0.0    1
 14    0    0    0    0    0    0    0    0   -    0  0  8  0 92 0.00  0.0    0
 15    0    0    0    0    0    0    0    0   -    0  0  8  0 92 0.00  0.0    0
 16 6723    0    0  307 1134  135    1 1283  80 649889 62 38  0  0 0.39  0.0  295
 17    0    0    0  102    0    0    0    0 100    1  0  0  0 100 0.07  0.0  102
 18    0    0    0   12    0    0    0    0   -    0  0  0  0 100 0.07  0.0   12
 19    0    0    0   12    0    0    0    0   -    0  0  0  0 100 0.07  0.0   12
 20 1176    0    0  122 1003   14    0  356  94 36226 52 45  0  4 0.03  0.0  397
 21    0    0    0    4    0    0    0    0   -    0  0  0  0 100 0.02  0.0    4
 22    0    0    0    4    0    0    0    0   -    0  0  0  0 100 0.02  0.0    4
 23    0    0    0    4    0    0    0    0   -    0  0  0  0 100 0.02  0.0    4
 24    0    0    0    2    0    0    0    0   -    0  0 35  0 65 0.00  0.0    1
 25    0    0    0    2    0    0    0    0   -    0  0 43  0 57 0.00  0.0    1
 26    0    0    0    2    0    0    0    0   -    0  0 19  0 81 0.00  0.0    1
 27    0    0    0    0    0    0    0    0   -    0  0  9  0 91 0.00  0.0    0
 28  253    0    0   18  314    0    0  105  98  186 30 58  0 12 0.01  0.0  163
 29    0    0    0    3    0    0    0    0   -    0  0  2  0 98 0.00  0.0    3
 30    0    0    0    2    0    0    0    0   -    0  0  1  0 99 0.00  0.0    2
 31    0    0    0    3    0    0    0    0   -    0  0  1  0 99 0.00  0.0    3
 32  179    0    0    4   12    0    0    4  94  317 34 62  0  3 0.00  0.0   17
 33    0    0    0    2    0    0    0    0   -    0  0  0  0 100 0.00  0.0    2
 34    0    0    0    2    0    0    0    0   -    0  0  0  0 100 0.00  0.0    2
 35    0    0    0    2    0    0    0    0   -    0  0  0  0 100 0.00  0.0    2
 36    0    0    0    2    0    0    0    0   -    0  0 17  0 83 0.00  0.0    1
 37    0    0    0    3    0    0    0    0   -    0  0 36  0 64 0.00  0.0    2
 38    0    0    0    0    0    0    0    0   -    0  0  5  0 95 0.00  0.0    0
 39    0    0    0    0    0    0    0    0   -    0  0  5  0 95 0.00  0.0    0
 40  837    0    0   29   15    3    0   18 100 168519 66 34  0  0 0.09  0.0   25
 41    0    0    0    3    0    0    0    0   -    0  0  0  0 100 0.02  0.0    2
 42    0    0    0    2    0    0    0    0   -    0  0  0  0 100 0.02  0.0    2
 43    0    0    0    2    0    0    0    0   -    0  0  0  0 100 0.02  0.0    2
 44   99    0    0   25  242    0    0   16 100   74 25 55  0 20 0.00  0.0  150
 45    0    0    0    2    0    0    0    0   -    0  0  1  0 99 0.00  0.0    2
 46    0    0    0    2    0    0    0    0   -    0  0  1  0 99 0.00  0.0    2
 47    0    0    0    2    0    0    0    0   -    0  0  1  0 99 0.00  0.0    2
ALL 15404    0    0  922 8668  267    2 3209   0 1033391 36 27  0 37 1.16 19.4 1831
--------------------------------------------------------------------------------

cpu  min  maj  mpc  int   cs  ics   rq  mig lpa sysc us sy wa id   pc  %ec  lcs
  0 7744    0    0  163 7232  144    0 1342  96 118397 44 55  0  1 0.18  0.0  282
  1   20    0    0   14    0    0    0    2 100 2863  3  2  0 95 0.04  0.0   14
  2    0    0    0   14    0    0    0    1 100    0  0  0  0 100 0.03  0.0   14
  3    0    0    0   14    0    0    0    1 100    0  0  0  0 100 0.03  0.0   14
  4    0    0    0    3    0    0    0    1 100    0  0 68  0 32 0.00  0.0    2
  5    0    0    0    2    0    0    0    1 100    0  0 31  0 69 0.00  0.0    1
  6    0    0    0    0    0    0    0    1 100    0  0 33  0 67 0.00  0.0    0
  7    0    0    0    0    0    0    0    1 100    0  0 31  0 69 0.00  0.0    0
  8    0    0    0   22    0    0    0    1 100    0  0 60  0 40 0.00  0.0   22
  9    0    0    0    2    0    0    0    1 100    0  0  4  0 96 0.00  0.0    1
 10    0    0    0    0    0    0    0    1 100    0  0  6  0 94 0.00  0.0    0
 11    0    0    0    0    0    0    0    1 100    0  0  6  0 94 0.00  0.0    0
 12    0    0    0    2    0    0    0    1 100    0  0 41  0 59 0.00  0.0    1
 13    0    0    0    2    0    0    0    1 100    0  0 38  0 62 0.00  0.0    1
 14    0    0    0    0    0    0    0    1 100    0  0 41  0 59 0.00  0.0    0
 15    0    0    0    0    0    0    0    1 100    0  0 41  0 59 0.00  0.0    0
 16 7252    0    0  327 1286  217    2 1339  80 874444 64 36  0  0 0.51  0.0  194
 17    0    0    0   16    0    0    0    1 100    0  0  0  0 100 0.09  0.0   17
 18    0    0    0   14    0    0    0    1 100    0  0  0  0 100 0.09  0.0   14
 19    0    0    0   14    0    0    0    1 100    0  0  0  0 100 0.09  0.0   14
 20    0    0    0   46    0    0    0    1   0    0  0 60  0 40 0.00  0.0   46
 21    0    0    0    0    0    0    0    1 100    0  0  1  0 99 0.00  0.0    0
 22    0    0    0    0    0    0    0    1 100    0  0  1  0 99 0.00  0.0    0
 23    0    0    0    0    0    0    0    1 100    0  0  1  0 99 0.00  0.0    0
 24    0    0    0    2    0    0    0    1   0    0  0 41  0 59 0.00  0.0    1
 25    0    0    0    2    0    0    0    1 100    0  0 46  0 54 0.00  0.0    1
 26    0    0    0    2    0    0    0    1 100    0  0 38  0 62 0.00  0.0    1
 27    0    0    0    0    0    0    0    1 100    0  0 37  0 63 0.00  0.0    0
 28    0    0    0    2    0    0    0    1   0    0  0 50  0 50 0.00  0.0    1
 29    0    0    0    2    0    0    0    1 100    0  0 42  0 58 0.00  0.0    1
 30    0    0    0    0    0    0    0    1 100    0  0 29  0 71 0.00  0.0    0
 31    0    0    0    2    0    0    0    1 100    0  0 36  0 64 0.00  0.0    1
 32    0    0    0    2    0    0    0    1   0    0  0 56  0 44 0.00  0.0    1
 33    0    0    0    0    0    0    0    1 100    0  0 40  0 60 0.00  0.0    0
 34    0    0    0    0    0    0    0    1 100    0  0 36  0 64 0.00  0.0    0
 35    0    0    0    0    0    0    0    1 100    0  0 37  0 63 0.00  0.0    0
 36    0    0    0    2    0    0    0    1   0    0  0 51  0 49 0.00  0.0    1
 37    0    0    0    2    0    0    0    1 100    0  0 46  0 54 0.00  0.0    1
 38    0    0    0    0    0    0    0    1 100    0  0 32  0 68 0.00  0.0    0
 39    0    0    0    0    0    0    0    1 100    0  0 29  0 71 0.00  0.0    0
 40    0    0    0    2    0    0    0    1   0    0  0 60  0 40 0.00  0.0    1
 41    0    0    0    2    0    0    0    1 100    0  0 31  0 69 0.00  0.0    1
 42    0    0    0    0    0    0    0    1 100    0  0 14  0 86 0.00  0.0    0
 43    0    0    0    0    0    0    0    1 100    0  0 10  0 90 0.00  0.0    0
 44    0    0    0    2    0    0    0    1   0    0  0 59  0 41 0.00  0.0    1
 45    0    0    0    0    0    0    0    1 100    0  0 52  0 48 0.00  0.0    0
 46    0    0    0    0    0    0    0    1 100    0  0 45  0 55 0.00  0.0    0
 47    0    0    0    0    0    0    0    1 100    0  0 36  0 64 0.00  0.0    0
ALL 15016    0    0  679 8518  361    2 2728 100 995704 38 26  0 36 1.08 18.0  649
==== EXITED with rc 0 ====
==== END mpstat 5 2 Mon Jul  6 23:33:04 GST 2015 ====
