==== This output can be found in Systems/dx976/perf/mpstat-d_5_2.txt ====
==== START mpstat -d 5 2 Tue Jul  7 13:04:55 CDT 2015 ====

System configuration: lcpu=24 ent=2.0 mode=Uncapped 

cpu     cs    ics  bound     rq   push S3pull  S3grd  S0rd  S1rd  S2rd  S3rd  S4rd  S5rd   ilcs   vlcs S3hrd S4hrd S5hrd
  0    705     32      1      1      0      0      0  94.2   0.0   0.0   5.8   0.0   0.0     64   1122 100.0   0.0   0.0
  1     33      3      1      1      0      0      0  95.7   4.3   0.0   0.0   0.0   0.0      4    556 100.0   0.0   0.0
  2      0      0      0      0      0      0      0     -     -     -     -     -     -      2    507     -     -     -
  3      0      0      0      0      0      0      0     -     -     -     -     -     -      2    500     -     -     -
  4   1343     58      1      2      0      0      0  95.6   0.0   0.0   4.4   0.0   0.0     57   1696 100.0   0.0   0.0
  5      2      2      0      0      0      0      0  99.4   0.6   0.0   0.0   0.0   0.0      3    597 100.0   0.0   0.0
  6      0      0      0      0      0      0      0     -     -     -     -     -     -      1    500     -     -     -
  7      0      0      0      0      0      0      0     -     -     -     -     -     -      3    489     -     -     -
  8    825     37      1      1      0      0      0  95.4   0.0   0.0   4.6   0.0   0.0     67   1183 100.0   0.0   0.0
  9     25     18      0      0      0      0      0  98.2   1.8   0.0   0.0   0.0   0.0     23    545 100.0   0.0   0.0
 10      0      0      0      0      0      0      0     -     -     -     -     -     -      4    500     -     -     -
 11      0      0      0      0      0      0      0     -     -     -     -     -     -      2    497     -     -     -
 12    613     38      1      1      0      0      0  94.3   0.0   0.0   5.7   0.0   0.0     83    808 100.0   0.0   0.0
 13     15      5      1      1      0      0      0  89.4  10.6   0.0   0.0   0.0   0.0     18    517 100.0   0.0   0.0
 14      0      0      0      0      0      0      0     -     -     -     -     -     -      4    510     -     -     -
 15      0      0      0      0      0      0      0     -     -     -     -     -     -      3    498     -     -     -
 16    788     54      1      1      0      0      0  94.1   0.0   0.0   5.8   0.0   0.0     59   1230 100.0   0.0   0.0
 17     13      0      1      1      0      0      0  89.5  10.5   0.0   0.0   0.0   0.0      3    538 100.0   0.0   0.0
 18      0      0      0      0      0      0      0     -     -     -     -     -     -      2    497     -     -     -
 19      0      0      0      0      0      0      0     -     -     -     -     -     -      2    488     -     -     -
 20     98     96      1      1      0      0      0  98.1   0.0   0.0   1.9   0.0   0.0      5   9446 100.0   0.0   0.0
 21      0      0      0      0      0      0      0     -     -     -     -     -     -      1    257     -     -     -
 22      0      0      0      0      0      0      0     -     -     -     -     -     -      0    229     -     -     -
 23      0      0      0      0      0      0      0     -     -     -     -     -     -      0    220     -     -     -
ALL   4460    343      9     10      0      0      0  95.0   0.1   0.0   4.9   0.0   0.0    412  23930 100.0   0.0   0.0
------------------------------------------------------------------------------------------------------------

cpu     cs    ics  bound     rq   push S3pull  S3grd  S0rd  S1rd  S2rd  S3rd  S4rd  S5rd   ilcs   vlcs S3hrd S4hrd S5hrd
  0   1209     47      0      0      0      0      0  96.3   0.0   0.0   3.7   0.0   0.0     28   1737 100.0   0.0   0.0
  1     25      0      0      0      0      0      0  98.4   1.6   0.0   0.0   0.0   0.0      1    844 100.0   0.0   0.0
  2      0      0      0      0      0      0      0   0.0 100.0   0.0   0.0   0.0   0.0      1    720 100.0   0.0   0.0
  3      0      0      0      0      0      0      0   0.0 100.0   0.0   0.0   0.0   0.0      1    706 100.0   0.0   0.0
  4   1218     51      1      1      0      0      0  95.5   0.0   0.0   4.5   0.0   0.0     35   1552 100.0   0.0   0.0
  5      0      0      0      0      0      0      0  50.0  50.0   0.0   0.0   0.0   0.0      3    728 100.0   0.0   0.0
  6      0      0      0      0      0      0      0   0.0 100.0   0.0   0.0   0.0   0.0      1    712 100.0   0.0   0.0
  7      0      0      0      0      0      0      0   0.0 100.0   0.0   0.0   0.0   0.0      1    700 100.0   0.0   0.0
  8   1393     53      0      0      0      0      0  96.0   0.1   0.0   4.0   0.0   0.0     23   1786 100.0   0.0   0.0
  9     32      0      0      0      0      0      0  97.6   2.4   0.0   0.0   0.0   0.0      2    835 100.0   0.0   0.0
 10      0      0      0      0      0      0      0   0.0 100.0   0.0   0.0   0.0   0.0      2    704 100.0   0.0   0.0
 11      0      0      0      0      0      0      0   0.0 100.0   0.0   0.0   0.0   0.0      1    689 100.0   0.0   0.0
 12    409     28      1      1      0      0      0  94.1   0.0   0.0   5.9   0.0   0.0     70    879 100.0   0.0   0.0
 13     19      0      0      0      0      0      0  99.0   1.0   0.0   0.0   0.0   0.0      5    829 100.0   0.0   0.0
 14      0      0      0      0      0      0      0   0.0 100.0   0.0   0.0   0.0   0.0      2    707 100.0   0.0   0.0
 15      0      0      0      0      0      0      0   0.0 100.0   0.0   0.0   0.0   0.0      3    697 100.0   0.0   0.0
 16    896     50      0      0      0      0      0  96.8   0.0   0.0   3.2   0.0   0.0     46   1633 100.0   0.0   0.0
 17     24      0      0      0      0      0      0  97.5   2.5   0.0   0.0   0.0   0.0      4    821 100.0   0.0   0.0
 18      0      0      0      0      0      0      0   0.0 100.0   0.0   0.0   0.0   0.0      2    708 100.0   0.0   0.0
 19      0      0      0      0      0      0      0   0.0 100.0   0.0   0.0   0.0   0.0      1    693 100.0   0.0   0.0
 20    270     49      0      0      0      0      0  98.0   0.0   0.0   2.0   0.0   0.0     31   5772 100.0   0.0   0.0
 21      0      0      0      0      0      0      0   0.0 100.0   0.0   0.0   0.0   0.0      2    597 100.0   0.0   0.0
 22      0      0      0      0      0      0      0   0.0 100.0   0.0   0.0   0.0   0.0      1    565 100.0   0.0   0.0
 23      0      0      0      0      0      0      0   0.0 100.0   0.0   0.0   0.0   0.0      1    545 100.0   0.0   0.0
ALL   5495    278      2      2      0      0      0  96.1   0.1   0.0   3.8   0.0   0.0    267  26159 100.0   0.0   0.0
==== EXITED with rc 0 ====
==== END mpstat -d 5 2 Tue Jul  7 13:05:06 CDT 2015 ====
