==== This output can be found in Systems/dx976/perf/mpstat-a.txt ====
==== START mpstat -a Tue Jul  7 13:04:55 CDT 2015 ====

System configuration: lcpu=24 ent=2.0 mode=Uncapped 

cpu    min    maj   mpcs   mpcr    dev   soft    dec     ph     cs    ics  bound     rq   push S3pull  S3grd  S0rd  S1rd  S2rd  S3rd  S4rd  S5rd   sysc    us    sy    wa    id    pc   %ec   ilcs   vlcs S3hrd S4hrd S5hrd
cpu    min    maj   mpcs   mpcr    dev   soft    dec     ph     cs    ics  bound     rq   push S3pull  S3grd  S0rd  S1rd  S2rd  S3rd  S4rd  S5rd   sysc    us    sy    wa    id    pc   %ec   ilcs   vlcs S3hrd S4hrd S5hrd  %nsp
  0 224951039  41800 1122592 142202 914436000 693014149 1157494716 7976272 1644991899 5717475      1      1      3      0      0  99.4   0.0   0.0   0.6   0.0   0.0 697024302   2.2  73.4   0.0  24.4  0.01   0.5      0 3253667708 100.0   0.0   0.0    99
  1 322804    111     40 171349 886749257 214894769 85109862 2688249 926749 856616      0      0      0      0      0   7.9  92.0   0.0   0.1   0.0   0.0 239844   0.0  36.3   0.0  63.7  0.01   0.3 171397 969291880 100.0   0.0   0.0    99
  2 232738      0     32 171349 859929000 207967187 86284552 2869172 859004 853260      0      0      0      0      0   1.0  98.9   0.0   0.1   0.0   0.0  97047   0.0  36.4   0.0  63.6  0.01   0.3 149658 944280918 100.0   0.0   0.0    99
  3 226064      0     30 171349 840231770 202934110 84989844 2694753 856837 852592      0      0      0      0      0   0.8  99.1   0.0   0.1   0.0   0.0  89797   0.0  35.4   0.0  64.6  0.00   0.2 140342 923541880 100.0   0.0   0.0    99
  4 212631305  37998 734622 158777 914706676 222151866 308972439 6783276 1411001123 5719936      1      1      0      0      0  99.4   0.0   0.0   0.6   0.0   0.0 676616289   2.5  71.7   0.0  25.8  0.01   0.5      0 2428698022 100.0   0.0   0.0    99
  5 332350     41     24 171349 887038976 214502465 86404314 2701921 921309 854916      0      0      0      0      0   7.5  92.4   0.0   0.1   0.0   0.0 188204   0.0  38.8   0.0  61.2  0.00   0.2 180339 970949743 100.0   0.0   0.0    99
  6 228611      0     36 171349 861134975 208311776 85032091 2873121 857257 852835      0      0      0      0      0   0.8  99.1   0.0   0.1   0.0   0.0 107935   0.0  39.0   0.0  61.0  0.00   0.2 155653 944258671 100.0   0.0   0.0    99
  7 237552      0     23 171349 841081183 203072464 86637502 2700656 856136 852821      0      0      0      0      0   0.7  99.2   0.0   0.1   0.0   0.0  94982   0.0  37.9   0.0  62.0  0.00   0.2 147697 926007880 100.0   0.0   0.0    99
  8 212892833  37796 256338 179379 914441354 391769142 349487923 7037707 1407827745 5505646      0      0      0      0      0  99.4   0.0   0.0   0.6   0.0   0.0 666973483   2.4  72.6   0.0  24.9  0.01   0.5      0 2468433214 100.0   0.0   0.0    99
  9 301237      1     26 171349 887022219 214665952 85048630 2698488 920807 854505      0      0      0      0      0   7.5  92.5   0.0   0.1   0.0   0.0 178160   0.0  38.4   0.0  61.6  0.01   0.3 176835 969563940 100.0   0.0   0.0    99
 10 232142      0     30 171349 860440660 208124533 85007011 2871275 857181 852488      0      0      0      0      0   0.8  99.1   0.0   0.1   0.0   0.0  94433   0.0  38.6   0.0  61.4  0.00   0.2 151578 943556115 100.0   0.0   0.0    99
 11 238832      0     29 171349 841126248 203213962 85003475 2701156 857870 852721      0      0      0      0      0   0.9  99.0   0.0   0.1   0.0   0.0  95080   0.0  37.6   0.0  62.4  0.00   0.2 143212 924458456 100.0   0.0   0.0    99
 12 209707793  35776 434330 170384 914647810 222247511 309269051 6711258 1409261290 5970785      0      0      0      0      0  99.4   0.0   0.0   0.6   0.0   0.0 666477958   2.5  71.2   0.0  26.3  0.01   0.5      0 2427370885 100.0   0.0   0.0    99
 13 308388    162     31 171349 887634092 214701779 86327729 2702145 920537 854712      0      0      0      0      0   7.4  92.5   0.0   0.1   0.0   0.0 231775   0.0  39.0   0.0  61.0  0.00   0.2 187384 971414922 100.0   0.0   0.0    99
 14 231926      0     23 171349 861730411 208506746 84996181 2880064 857357 852775      0      0      0      0      0   0.9  99.1   0.0   0.1   0.0   0.0  94232   0.0  39.3   0.0  60.7  0.00   0.2 161757 944811819 100.0   0.0   0.0    99
 15 219983      1     19 171349 841859728 203385596 85004886 2704847 858088 852868      0      0      0      0      0   1.0  99.0   0.0   0.1   0.0   0.0  88105   0.0  38.2   0.0  61.8  0.00   0.2 152588 925190690 100.0   0.0   0.0    99
 16 209503196  30911 704396 159446 914664112 222361728 308100157 6672384 1410287295 5785799      0      0      0      0      0  99.4   0.0   0.0   0.6   0.0   0.0 669805533   2.6  70.9   0.0  26.6  0.01   0.4      0 2428154860 100.0   0.0   0.0    99
 17 333876    124     24 171349 886395955 214381073 85059539 2696339 919526 854697      0      0      0      0      0   7.3  92.6   0.0   0.1   0.0   0.0 269444   0.0  39.2   0.0  60.8  0.00   0.2 174393 968929366 100.0   0.0   0.0    99
 18 232486      1     25 171349 859841220 208085971 84982266 2868208 859014 852787      0      0      0      0      0   1.0  98.9   0.0   0.1   0.0   0.0  96911   0.0  39.4   0.0  60.6  0.00   0.2 150393 942929249 100.0   0.0   0.0    99
 19 220758      0     24 171349 840903519 203208834 84984794 2700116 859435 852411      0      0      0      0      0   1.1  98.8   0.0   0.1   0.0   0.0  87552   0.0  38.4   0.0  61.6  0.00   0.2 141414 924216781 100.0   0.0   0.0    99
 20 204652169  35508 797788 156088 915141001 222195324 335407603 6144748 1448122051 6058669      0      1      0      0      0  99.4   0.0   0.0   0.6   0.0   0.0 594300295   2.6  67.6   0.0  29.8  0.01   0.4      0 2469881084 100.0   0.0   0.0    99
 21 326542     16     30 171352 887546763 214725747 85085004 2694631 929734 854488      0      0      0      0      0   8.3  91.6   0.0   0.1   0.0   0.0 238117   0.0  40.2   0.0  59.8  0.00   0.2 182235 970123096 100.0   0.0   0.0    99
 22 222230      0     28 171349 861389255 208373298 85022799 2872841 857273 852583      0      0      0      0      0   0.8  99.1   0.0   0.1   0.0   0.0  88963   0.0  40.6   0.0  59.4  0.00   0.2 162618 944492879 100.0   0.0   0.0    99
 23 235611      0     21 171349 841564822 203194938 94642304 2708829 856950 852099      0      0      0      0      0   0.8  99.1   0.0   0.1   0.0   0.0  93711   0.0  39.7   0.0  60.3  0.00   0.2 154623 934449551 100.0   0.0   0.0    99
  U      -      -      -      -      -      -      -      -      -      -      -      -      -      -      -     -     -     -     -     -     -      -     -     -   0.0  93.0  1.86  93.0      -      -     -     -     -
ALL 1279022465 220246 4050561 4050561 21021657006 5729990920 4314354672 90952456 8747322467 50120484      2      3      3      0      0  99.2   0.2   0.0   0.6   0.0   0.0 3973672152   0.1   3.6   0.0  96.3  0.14   7.0 2884116 32518673609 100.0   0.0   0.0    99
==== EXITED with rc 0 ====
==== END mpstat -a Tue Jul  7 13:04:55 CDT 2015 ====
