==== This output can be found in Systems/dx976/perf/mpstat-d.txt ====
==== START mpstat -d Tue Jul  7 13:04:55 CDT 2015 ====

System configuration: lcpu=24 ent=2.0 mode=Uncapped 

cpu     cs    ics  bound     rq   push S3pull  S3grd  S0rd  S1rd  S2rd  S3rd  S4rd  S5rd   ilcs   vlcs S3hrd S4hrd S5hrd
cpu     cs    ics  bound     rq   push S3pull  S3grd  S0rd  S1rd  S2rd  S3rd  S4rd  S5rd   ilcs   vlcs S3hrd S4hrd S5hrd  %nsp
  0 1644991926 5717481      1      1      3      0      0  99.4   0.0   0.0   0.6   0.0   0.0      0 3253667747 100.0   0.0   0.0    99
  1 926749 856616      0      0      0      0      0   7.9  92.0   0.0   0.1   0.0   0.0 171397 969291905 100.0   0.0   0.0    99
  2 859004 853260      0      0      0      0      0   1.0  98.9   0.0   0.1   0.0   0.0 149658 944280937 100.0   0.0   0.0    99
  3 856837 852592      0      0      0      0      0   0.8  99.1   0.0   0.1   0.0   0.0 140342 923541900 100.0   0.0   0.0    99
  4 1411001181 5719952      0      0      0      0      0  99.4   0.0   0.0   0.6   0.0   0.0      0 2428698088 100.0   0.0   0.0    99
  5 921309 854916      0      0      0      0      0   7.5  92.4   0.0   0.1   0.0   0.0 180339 970949766 100.0   0.0   0.0    99
  6 857257 852835      0      0      0      0      0   0.8  99.1   0.0   0.1   0.0   0.0 155653 944258693 100.0   0.0   0.0    99
  7 856136 852821      0      0      0      0      0   0.7  99.2   0.0   0.1   0.0   0.0 147697 926007903 100.0   0.0   0.0    99
  8 1407827788 5505657      0      0      0      0      0  99.4   0.0   0.0   0.6   0.0   0.0      0 2468433275 100.0   0.0   0.0    99
  9 920807 854505      0      0      0      0      0   7.5  92.5   0.0   0.1   0.0   0.0 176835 969563963 100.0   0.0   0.0    99
 10 857181 852488      0      0      0      0      0   0.8  99.1   0.0   0.1   0.0   0.0 151579 943556137 100.0   0.0   0.0    99
 11 857870 852721      0      0      0      0      0   0.9  99.0   0.0   0.1   0.0   0.0 143212 924458478 100.0   0.0   0.0    99
 12 1409261315 5970789      1      1      0      0      0  99.4   0.0   0.0   0.6   0.0   0.0      0 2427370921 100.0   0.0   0.0    99
 13 920537 854712      0      0      0      0      0   7.4  92.5   0.0   0.1   0.0   0.0 187385 971414944 100.0   0.0   0.0    99
 14 857357 852775      0      0      0      0      0   0.9  99.1   0.0   0.1   0.0   0.0 161757 944811839 100.0   0.0   0.0    99
 15 858088 852868      0      0      0      0      0   1.0  99.0   0.0   0.1   0.0   0.0 152588 925190711 100.0   0.0   0.0    99
 16 1410287367 5785814      0      0      0      0      0  99.4   0.0   0.0   0.6   0.0   0.0      0 2428154928 100.0   0.0   0.0    99
 17 919526 854697      0      0      0      0      0   7.3  92.6   0.0   0.1   0.0   0.0 174393 968929393 100.0   0.0   0.0    99
 18 859014 852787      0      0      0      0      0   1.0  98.9   0.0   0.1   0.0   0.0 150393 942929270 100.0   0.0   0.0    99
 19 859435 852411      0      0      0      0      0   1.1  98.8   0.0   0.1   0.0   0.0 141414 924216804 100.0   0.0   0.0    99
 20 1448122160 6058685      1      1      0      0      0  99.4   0.0   0.0   0.6   0.0   0.0      0 2469881184 100.0   0.0   0.0    99
 21 929734 854488      0      0      0      0      0   8.3  91.6   0.0   0.1   0.0   0.0 182235 970123117 100.0   0.0   0.0    99
 22 857273 852583      0      0      0      0      0   0.8  99.1   0.0   0.1   0.0   0.0 162618 944492899 100.0   0.0   0.0    99
 23 856950 852099      0      0      0      0      0   0.8  99.1   0.0   0.1   0.0   0.0 154623 934449569 100.0   0.0   0.0    99
ALL 8747322801 50120552      3      3      3      0      0  99.2   0.2   0.0   0.6   0.0   0.0 2884118 32518674371 100.0   0.0   0.0    99
==== EXITED with rc 0 ====
==== END mpstat -d Tue Jul  7 13:04:55 CDT 2015 ====
