==== This output can be found in Systems/dx980/os/iostat-^A.txt ====
==== START iostat -A Mon Jul  6 23:13:03 GST 2015 ====

System configuration: lcpu=48 drives=524 ent=6.00 paths=0 vdisks=10 maxserver=1440

aio: avgc avfc maxgc maxfc maxreqs avg-cpu: % user % sys % idle % iowait physc % entc
      0.0  0.0   790     0    131072             0.0   0.1   99.8      0.0   0.0    0.3

Disks:        % tm_act     Kbps      tps    Kb_read   Kb_wrtn
hdisk449         0.0       0.0       0.0         26         0
hdisk36          0.0       1.8       0.0   13452399      2512
hdisk37          0.0       1.3       0.0    9412833      6480
hdisk38          0.0       2.9       0.0   21038425      3632
hdisk39          0.0       1.5       0.0   11256951      3480
hdisk40          0.0       1.1       0.0    7836305      2744
hdisk41          0.0       1.3       0.0    9911093      1192
hdisk42          0.0       1.2       0.0    8775981      1360
hdisk43          0.0       1.4       0.0   10597865      2532
hdisk44          0.0       1.7       0.0   12815005      3504
hdisk45          0.0       1.4       0.0   10498593       512
hdisk46          0.0       1.7       0.0   12528517      1976
hdisk47          0.0       1.8       0.0   13543385      2488
hdisk48          0.0       2.2       0.0   16033089      1248
hdisk49          0.0       1.3       0.0    9613849       508
hdisk50          0.0       0.2       0.0    1151186     29780
hdisk51          0.0       0.0       0.0      55333     30564
hdisk52          0.0       0.0       0.0      54657     28984
hdisk53          0.0       0.0       0.0      52397     29448
hdisk54          0.0       0.0       0.0      57277     31128
hdisk55          0.0       0.0       0.0      56209     31896
hdisk56          0.0       0.0       0.0     277744     70576

Disks:        % tm_act     Kbps      tps    Kb_read   Kb_wrtn
hdisk57          0.0       0.0       0.0       1813     56340
hdisk28          0.0       0.6       0.1       7730   4717396
hdisk24          0.0       0.1       0.0     329052    115698
hdisk30          0.0       0.1       0.0     360932    146888
hdisk58          0.0       0.0       0.0       1837    124964
hdisk26          0.0       0.0       0.0     118521    108060
hdisk25          0.0       0.0       0.0     116521    123405
hdisk29          0.0       0.0       0.0        801         0
hdisk59          0.0       0.0       0.0       1801     97284
hdisk450         0.0       0.0       0.0         26         0
hdisk60          0.0       0.0       0.0       1801     58368
hdisk27          0.0       0.0       0.0     123678    113726
hdisk61          0.0       0.0       0.0       1813     34824
hdisk32          0.0       0.0       0.0       8614         8
hdisk63          0.0       0.0       0.0       1805        24
hdisk66          0.0       0.0       0.0     146142     29832
hdisk62          0.0       0.0       0.0     143368        12
hdisk31          0.0       0.0       0.0      34394       584
hdisk65          0.0       0.0       0.0       1817        12
hdisk64          0.0       0.0       0.0     144483         8
hdisk67          0.0       0.0       0.0       2029     34520
hdisk33          0.0       0.0       0.0        837        20
hdisk68          0.0       0.0       0.0     144223        20
hdisk69          0.0       0.0       0.0       1861         4

Disks:        % tm_act     Kbps      tps    Kb_read   Kb_wrtn
hdisk70          0.0       0.1       0.0     374522         8
hdisk72          0.0       0.0       0.0       1801         0
hdisk73          0.0       0.0       0.0       1801         0
hdisk74          0.0       0.0       0.0       1801         0
hdisk75          0.0       0.0       0.0       1801         0
hdisk71          0.0       0.0       0.0       1801         0
hdisk77          0.0       0.0       0.0       1313         0
hdisk76          0.0       0.0       0.0       1809        40
hdisk78          0.0       0.0       0.0       1801         0
hdisk79          0.0       0.0       0.0     178582       120
hdisk80          0.0       0.0       0.0       8309      5436
hdisk81          0.0       0.0       0.0       1857       356
hdisk5           0.0       0.0       0.0       1289         0
hdisk35          0.0       1.4       0.0   10196997      3984
hdisk6           0.0       0.1       0.0     387994    147294
hdisk4           0.0       0.6       0.1       4347   4684976
hdisk34          0.0       2.0       0.0   14646432      2252
hdisk17          0.0       0.0       0.0       1817        12
hdisk12          0.0       0.0       0.0     140118       772
hdisk16          0.0       0.0       0.0     145265         8
hdisk82          0.0       1.4       0.0   10037003      2188
hdisk87          0.0       1.5       0.0   11252722      3136
hdisk85          0.0       1.3       0.0    9206665      6112
hdisk88          0.0       1.0       0.0    7699667      2160

Disks:        % tm_act     Kbps      tps    Kb_read   Kb_wrtn
hdisk84          0.0       1.8       0.0   13524947      2792
hdisk89          0.0       1.4       0.0   10007529       856
hdisk86          0.0       2.9       0.0   21465631      3536
hdisk83          0.0       1.4       0.0   10448117      3400
hdisk90          0.0       1.2       0.0    8736553      1512
hdisk91          0.0       1.4       0.0   10518561      2140
hdisk95          0.0       1.8       0.0   13606205      2472
hdisk93          0.0       1.4       0.0   10243929       504
hdisk92          0.0       1.7       0.0   12856405      3432
hdisk94          0.0       1.7       0.0   12379681      2736
hdisk101         0.0       0.0       0.0      47949     29544
hdisk102         0.0       0.0       0.0      53925     29976
hdisk99          0.0       0.0       0.0      50409     30112
hdisk104         0.0       0.0       0.0      15249     87200
hdisk98          0.0       0.0       0.0      64819     29676
hdisk97          0.0       1.3       0.0    9825785       512
hdisk106         0.0       0.0       0.0        869    107556
hdisk96          0.0       2.2       0.0   15952541      1460
hdisk105         0.0       0.0       0.0        837     59416
hdisk108         0.0       0.0       0.0        825     62464
hdisk111         0.0       0.0       0.0        841        16
hdisk107         0.0       0.0       0.0        825     86076
hdisk100         0.0       0.0       0.0      52321     27544
hdisk103         0.0       0.0       0.0      52221     33472

Disks:        % tm_act     Kbps      tps    Kb_read   Kb_wrtn
hdisk112         0.0       0.0       0.0       8425         8
hdisk109         0.0       0.0       0.0        841     31764
hdisk110         0.0       0.0       0.0       9322         4
hdisk113         0.0       0.0       0.0        833        20
hdisk118         0.0       0.0       0.0      19626         8
hdisk120         0.0       0.0       0.0        825         0
hdisk114         0.0       0.0       0.0       8607     29276
hdisk119         0.0       0.0       0.0        825         0
hdisk116         0.0       0.0       0.0       9396        16
hdisk117         0.0       0.0       0.0        877         4
hdisk123         0.0       0.0       0.0        825         0
hdisk124         0.0       0.0       0.0        833        20
hdisk121         0.0       0.0       0.0        825         0
hdisk127         0.0       0.0       0.0      10980       140
hdisk125         0.0       0.0       0.0        895         0
hdisk128         0.0       0.0       0.0       6465      5568
hdisk115         0.0       0.0       0.0       1057     34204
hdisk129         0.0       0.0       0.0       1523       340
hdisk451         0.0       0.0       0.0         26         0
hdisk122         0.0       0.0       0.0        825         0
hdisk130         0.0       0.6       0.1       3703   4697296
hdisk126         0.0       0.0       0.0        825         0
hdisk132         0.0       0.1       0.0     367429    147599
hdisk131         0.0       0.0       0.0        898         0

Disks:        % tm_act     Kbps      tps    Kb_read   Kb_wrtn
hdisk133         0.0       0.0       0.0      54813       552
hdisk136         0.0       1.4       0.0   10067329      2656
hdisk135         0.0       0.0       0.0       1036        12
hdisk134         0.0       0.0       0.0      35421         4
hdisk137         0.0       1.4       0.0   10522357      3808
hdisk138         0.0       1.9       0.0   13651755      2956
hdisk140         0.0       2.9       0.0   21386082      2336
hdisk141         0.0       1.5       0.0   11350259      4172
hdisk145         0.0       1.4       0.0   10575701      3592
hdisk147         0.0       1.4       0.0   10338561       448
hdisk452         0.0       0.0       0.0         26         0
hdisk143         0.0       1.3       0.0    9892117       880
hdisk153         0.0       0.0       0.0      50149     30416
hdisk139         0.0       1.3       0.0    9310481      4768
hdisk149         0.0       1.9       0.0   13716661      3040
hdisk148         0.0       1.7       0.0   12635397      2336
hdisk142         0.0       1.1       0.0    7754391      2776
hdisk150         0.0       2.1       0.0   15793073      1500
hdisk152         0.0       0.0       0.0     104027     32008
hdisk144         0.0       1.2       0.0    8603929       992
hdisk146         0.0       1.7       0.0   12820805      3504
hdisk162         0.0       0.0       0.0        977     74752
hdisk159         0.0       0.0       0.0        989     79896
hdisk163         0.0       0.0       0.0        989     34832

Disks:        % tm_act     Kbps      tps    Kb_read   Kb_wrtn
hdisk151         0.0       1.3       0.0    9730137       640
hdisk164         0.0       0.0       0.0      27837         4
hdisk156         0.0       0.0       0.0      51809     31544
hdisk155         0.0       0.0       0.0      47409     29688
hdisk160         0.0       0.0       0.0       1034    120860
hdisk154         0.0       0.0       0.0      48365     29896
hdisk157         0.0       0.0       0.0      50465     32016
hdisk161         0.0       0.0       0.0        985    110596
hdisk158         0.0       0.0       0.0      52837     57376
hdisk166         0.0       0.0       0.0      27787         4
hdisk170         0.0       0.0       0.0      28041        24
hdisk173         0.0       0.0       0.0        981         0
hdisk177         0.0       0.0       0.0        977         0
hdisk175         0.0       0.0       0.0        977         0
hdisk168         0.0       0.0       0.0      29217     30840
hdisk167         0.0       0.0       0.0        985         4
hdisk182         0.0       0.0       0.0       6845      5176
hdisk183         0.0       0.0       0.0       1537       404
hdisk180         0.0       0.0       0.0        977         0
hdisk1           0.0       0.5       0.0    3827271    146876
hdisk169         0.0       0.0       0.0       1225     34984
hdisk178         0.0       0.0       0.0        989        12
hdisk174         0.0       0.0       0.0        977         0
hdisk181         0.0       0.0       0.0      37168        92

Disks:        % tm_act     Kbps      tps    Kb_read   Kb_wrtn
hdisk176         0.0       0.0       0.0        977         0
hdisk13          0.0       0.0       0.0      49564       580
hdisk165         0.0       0.0       0.0       1001        16
hdisk184         0.0       1.4       0.0   10226570      2368
hdisk171         0.0       0.0       0.0       1037         4
hdisk172         0.0       0.0       0.0      70376         8
hdisk0           0.0       0.0       0.0        877         0
hdisk18          0.0       0.0       0.0      28071         8
hdisk185         0.0       1.4       0.0   10261264      3544
hdisk179         0.0       0.0       0.0       1003         0
hdisk8           0.0       0.7       0.1     479294   4688312
hdisk189         0.0       1.5       0.0   11143812      3128
hdisk187         0.0       1.3       0.0    9283920      5584
hdisk186         0.0       1.8       0.0   13505360      3588
hdisk19          0.0       0.0       0.0        997        16
hdisk190         0.0       1.1       0.0    7959196      2600
hdisk188         0.0       2.9       0.0   21364119      4024
hdisk192         0.0       1.2       0.0    8739704      1152
hdisk191         0.0       1.3       0.0    9726489       944
hdisk193         0.0       1.4       0.0   10388456      2960
hdisk197         0.0       1.8       0.0   13446824      2680
hdisk194         0.0       1.7       0.0   12794384      3456
hdisk195         0.0       1.4       0.0   10290336       424
hdisk202         0.0       0.0       0.0      49780     29824

Disks:        % tm_act     Kbps      tps    Kb_read   Kb_wrtn
hdisk196         0.0       1.7       0.0   12608296      3088
hdisk204         0.0       0.0       0.0      50572     32076
hdisk205         0.0       0.0       0.0      54200     32600
hdisk199         0.0       1.3       0.0    9600892       552
hdisk207         0.0       0.0       0.0       1044     68640
hdisk200         0.0       0.0       0.0     119424     32252
hdisk208         0.0       0.0       0.0       1064    147492
hdisk211         0.0       0.0       0.0       1032     31768
hdisk212         0.0       0.0       0.0      35581         4
hdisk198         0.0       2.2       0.0   16094245      1336
hdisk206         0.0       0.0       0.0      67396     60448
hdisk209         0.0       0.0       0.0       1020     75396
hdisk213         0.0       0.0       0.0       1032        12
hdisk203         0.0       0.0       0.0      47772     29656
hdisk217         0.0       0.0       0.0       1284     35580
hdisk216         0.0       0.0       0.0      35860     31012
hdisk220         0.0       0.0       0.0      88769         8
hdisk201         0.0       0.0       0.0      49596     30296
hdisk221         0.0       0.0       0.0       1024         0
hdisk222         0.0       0.0       0.0       1020         0
hdisk214         0.0       0.0       0.0      36092         8
hdisk219         0.0       0.0       0.0       1072         0
hdisk227         0.0       0.0       0.0        900         0
hdisk225         0.0       0.0       0.0       1020         0

Disks:        % tm_act     Kbps      tps    Kb_read   Kb_wrtn
hdisk228         0.0       0.0       0.0       1020         0
hdisk230         0.0       0.0       0.0       6732      5556
hdisk226         0.0       0.0       0.0       1032        12
hdisk224         0.0       0.0       0.0       1020         0
hdisk210         0.0       0.0       0.0       1021     66560
hdisk223         0.0       0.0       0.0       1020         0
hdisk218         0.0       0.0       0.0      35203        16
hdisk231         0.0       0.0       0.0       1252       212
hdisk215         0.0       0.0       0.0       1028        20
hdisk233         0.0       0.0       0.0     108412    118898
hdisk235         0.0       0.0       0.0     111499    118401
hdisk234         0.0       0.0       0.0     110428    118675
hdisk232         0.0       0.0       0.0     128493    113551
hdisk229         0.0       0.0       0.0      43180        96
hdisk456         0.0       0.0       0.0         26         0
hdisk455         0.0       0.0       0.0         52         0
hdisk344         0.0       0.0       0.0     111604    115418
hdisk347         0.0       0.0       0.0        776         0
hdisk346         0.0       0.6       0.1       3211   4711580
hdisk345         0.0       0.0       0.0     109601    123732
hdisk349         0.0       0.0       0.0      31534       832
hdisk343         0.0       0.0       0.0     116748    109821
hdisk348         0.0       0.1       0.0     375396    146183
hdisk352         0.0       1.3       0.0    9838696      2600

Disks:        % tm_act     Kbps      tps    Kb_read   Kb_wrtn
hdisk342         0.0       0.0       0.0     164060    119553
hdisk351         0.0       0.0       0.0        788        12
hdisk350         0.0       0.0       0.0       3525         4
hdisk353         0.0       1.4       0.0   10204294      3208
hdisk354         0.0       1.8       0.0   13484689      2864
hdisk356         0.0       2.9       0.0   21570381      3480
hdisk355         0.0       1.3       0.0    9335585      5888
hdisk359         0.0       1.4       0.0    9983397       968
hdisk358         0.0       1.1       0.0    7803422      2664
hdisk357         0.0       1.6       0.0   11419619      2692
hdisk362         0.0       1.8       0.0   13026297      3712
hdisk363         0.0       1.4       0.0   10293550       344
hdisk364         0.0       1.7       0.0   12509277      2944
hdisk365         0.0       1.8       0.0   13492717      2824
hdisk360         0.0       1.2       0.0    8799752       968
hdisk366         0.0       2.2       0.0   16175685      1172
hdisk368         0.0       0.0       0.0      61309     32124
hdisk370         0.0       0.0       0.0      49287     29280
hdisk369         0.0       0.0       0.0      50079     29168
hdisk367         0.0       1.3       0.0    9729957       464
hdisk361         0.0       1.4       0.0   10457634      2484
hdisk372         0.0       0.0       0.0      52655     31316
hdisk373         0.0       0.0       0.0      52595     32656
hdisk374         0.0       0.0       0.0       2046     59432

Disks:        % tm_act     Kbps      tps    Kb_read   Kb_wrtn
hdisk375         0.0       0.0       0.0       1065     69676
hdisk376         0.0       0.0       0.0       1088    114716
hdisk383         0.0       0.0       0.0        929        16
hdisk382         0.0       0.0       0.0       2998         8
hdisk371         0.0       0.0       0.0      49391     29168
hdisk384         0.0       0.0       0.0       3094     27924
hdisk385         0.0       0.0       0.0       1158     32216
hdisk388         0.0       0.0       0.0       3810         0
hdisk386         0.0       0.0       0.0       3314        24
hdisk379         0.0       0.0       0.0       1063     32396
hdisk381         0.0       0.0       0.0        924        12
hdisk378         0.0       0.0       0.0       1053     74752
hdisk380         0.0       0.0       0.0       2070         8
hdisk377         0.0       0.0       0.0       1052    102408
hdisk389         0.0       0.0       0.0       1145         0
hdisk391         0.0       0.0       0.0       1146         0
hdisk392         0.0       0.0       0.0       1147         0
hdisk387         0.0       0.0       0.0        946         0
hdisk390         0.0       0.0       0.0       1146         0
hdisk393         0.0       0.0       0.0       1145         0
hdisk396         0.0       0.0       0.0       1146         0
hdisk399         0.0       0.0       0.0       1689       164
hdisk395         0.0       0.0       0.0       1147         0
hdisk397         0.0       0.0       0.0       4440       140

Disks:        % tm_act     Kbps      tps    Kb_read   Kb_wrtn
hdisk9           0.0       0.0       0.0        791         0
hdisk398         0.0       0.0       0.0       6560      5724
hdisk10          0.0       0.1       0.0     357775    145920
hdisk394         0.0       0.0       0.0       1157        16
hdisk15          0.0       0.0       0.0      32948       744
hdisk7           0.0       0.6       0.1       5561   4718388
hdisk23          0.0       0.0       0.0        934        28
hdisk22          0.0       0.0       0.0       2352         4
hdisk400         0.0       1.4       0.0   10166655      2244
hdisk410         0.0       1.8       0.0   12963108      4648
hdisk401         0.0       1.4       0.0   10275236      2744
hdisk402         0.0       1.8       0.0   13620788      3824
hdisk403         0.0       1.3       0.0    9494076      6600
hdisk404         0.0       2.9       0.0   21386780      4120
hdisk407         0.0       1.4       0.0    9951005       536
hdisk405         0.0       1.5       0.0   11029260      3156
hdisk413         0.0       1.8       0.0   13531764      2456
hdisk414         0.0       2.2       0.0   16103952      1408
hdisk411         0.0       1.4       0.0   10254624       456
hdisk412         0.0       1.7       0.0   12751524      2176
hdisk408         0.0       1.2       0.0    8794692       560
hdisk409         0.0       1.4       0.0   10518104      2624
hdisk406         0.0       1.1       0.0    7874553      2920
hdisk420         0.0       0.0       0.0      53584     31576

Disks:        % tm_act     Kbps      tps    Kb_read   Kb_wrtn
hdisk419         0.0       0.0       0.0      47756     29736
hdisk416         0.0       0.0       0.0      65749     31000
hdisk418         0.0       0.0       0.0      52504     27912
hdisk421         0.0       0.0       0.0      51252     30952
hdisk424         0.0       0.0       0.0        824    106524
hdisk415         0.0       1.3       0.0    9752220       360
hdisk425         0.0       0.0       0.0        780    110596
hdisk426         0.0       0.0       0.0        776     59392
hdisk423         0.0       0.0       0.0        792     51216
hdisk429         0.0       0.0       0.0        784        12
hdisk431         0.0       0.0       0.0        780        16
hdisk430         0.0       0.0       0.0       3023        12
hdisk432         0.0       0.0       0.0       3873     31576
hdisk434         0.0       0.0       0.0       3501        28
hdisk417         0.0       0.0       0.0      49752     29776
hdisk422         0.0       0.0       0.0       5209     45096
hdisk435         0.0       0.0       0.0        828         0
hdisk427         0.0       0.0       0.0        792     37924
hdisk436         0.0       0.0       0.0       3082         4
hdisk433         0.0       0.0       0.0       1016     35052
hdisk438         0.0       0.0       0.0        776         0
hdisk440         0.0       0.0       0.0        776         0
hdisk428         0.0       0.0       0.0       4524         8
hdisk437         0.0       0.0       0.0        776         0

Disks:        % tm_act     Kbps      tps    Kb_read   Kb_wrtn
hdisk439         0.0       0.0       0.0        776         0
hdisk442         0.0       0.0       0.0        792        12
hdisk441         0.0       0.0       0.0        776         0
hdisk444         0.0       0.0       0.0        776         0
hdisk445         0.0       0.0       0.0       8869       100
hdisk443         0.0       0.0       0.0       1289         0
hdisk446         0.0       0.0       0.0       6736      4900
hdisk447         0.0       0.0       0.0        896       180
hdisk236         0.0       0.6       0.1       3676   4733476
hdisk453         0.0       0.0       0.0         26         0
hdisk239         0.0       0.0       0.0      27487       836
hdisk240         0.0       0.0       0.0       2614         4
hdisk238         0.0       0.1       0.0     360905    145219
hdisk454         0.0       0.0       0.0         26         0
hdisk244         0.0       1.8       0.0   13500663      3864
hdisk242         0.0       1.4       0.0    9968903      2476
hdisk241         0.0       0.0       0.0        789        24
hdisk243         0.0       1.4       0.0   10292000      3184
hdisk237         0.0       0.0       0.0        777         0
hdisk248         0.0       1.1       0.0    7762168      3112
hdisk246         0.0       2.9       0.0   21190592      4416
hdisk245         0.0       1.3       0.0    9652256      5256
hdisk249         0.0       1.3       0.0    9922864       496
hdisk247         0.0       1.5       0.0   11294891      3648

Disks:        % tm_act     Kbps      tps    Kb_read   Kb_wrtn
hdisk250         0.0       1.2       0.0    8684216       728
hdisk254         0.0       1.7       0.0   12663136      1752
hdisk258         0.0       0.0       0.0      51999     32460
hdisk252         0.0       1.8       0.0   12910596      3344
hdisk255         0.0       1.8       0.0   13369237      2000
hdisk251         0.0       1.4       0.0   10473788      2256
hdisk256         0.0       2.1       0.0   15703909      1220
hdisk253         0.0       1.4       0.0   10412224       424
hdisk265         0.0       0.0       0.0        793     79908
hdisk259         0.0       0.0       0.0      49116     31192
hdisk264         0.0       0.0       0.0       1884     51232
hdisk257         0.0       1.3       0.0    9850769       480
hdisk266         0.0       0.0       0.0        865    156744
hdisk267         0.0       0.0       0.0        793     97292
hdisk262         0.0       0.0       0.0      51261     32040
hdisk268         0.0       0.0       0.0        781     63488
hdisk263         0.0       0.0       0.0      50436     33392
hdisk270         0.0       0.0       0.0       1847         4
hdisk271         0.0       0.0       0.0        793        24
hdisk277         0.0       0.0       0.0        837         8
hdisk272         0.0       0.0       0.0       1475         4
hdisk269         0.0       0.0       0.0        788     30748
hdisk261         0.0       0.0       0.0      49148     30896
hdisk282         0.0       0.0       0.0        780         0

Disks:        % tm_act     Kbps      tps    Kb_read   Kb_wrtn
hdisk280         0.0       0.0       0.0        784         0
hdisk278         0.0       0.0       0.0       2200         4
hdisk283         0.0       0.0       0.0        780         0
hdisk284         0.0       0.0       0.0        797        20
hdisk260         0.0       0.0       0.0      49352     29576
hdisk273         0.0       0.0       0.0        789        24
hdisk275         0.0       0.0       0.0       1052     35552
hdisk281         0.0       0.0       0.0        780         0
hdisk287         0.0       0.0       0.0       2048        92
hdisk274         0.0       0.0       0.0       1717     29076
hdisk288         0.0       0.0       0.0       6888      5148
hdisk286         0.0       0.0       0.0        784         0
hdisk11          0.0       0.6       0.1       3736   4680584
hdisk276         0.0       0.0       0.0       1661        32
hdisk289         0.0       0.0       0.0        935       344
hdisk285         0.0       0.0       0.0        780         0
hdisk290         0.0       1.4       0.0   10040194      2928
hdisk279         0.0       0.0       0.0        788         4
hdisk3           0.0       0.1       0.0     374161    146129
hdisk292         0.0       1.8       0.0   13557644      2924
hdisk20          0.0       0.0       0.0       1492         8
hdisk293         0.0       1.3       0.0    9381796      4456
hdisk14          0.0       0.0       0.0      27958       712
hdisk295         0.0       1.5       0.0   11083395      3564

Disks:        % tm_act     Kbps      tps    Kb_read   Kb_wrtn
hdisk2           0.0       0.0       0.0        778         0
hdisk294         0.0       2.9       0.0   21083624      3736
hdisk21          0.0       0.0       0.0        784        20
hdisk291         0.0       1.4       0.0   10355715      2928
hdisk300         0.0       1.7       0.0   12760896      3456
hdisk297         0.0       1.3       0.0    9893004       992
hdisk301         0.0       1.4       0.0   10368059       408
hdisk298         0.0       1.2       0.0    8921725      1208
hdisk296         0.0       1.1       0.0    7782860      2536
hdisk303         0.0       1.8       0.0   13537392      3944
hdisk306         0.0       0.0       0.0      56625     32208
hdisk299         0.0       1.4       0.0   10368220      2388
hdisk305         0.0       1.3       0.0    9589748       408
hdisk304         0.0       2.2       0.0   16119588       908
hdisk307         0.0       0.0       0.0      48416     31704
hdisk309         0.0       0.0       0.0      47719     29392
hdisk302         0.0       1.7       0.0   12159573      2336
hdisk314         0.0       0.0       0.0        840    135192
hdisk312         0.0       0.0       0.0       2793     61480
hdisk313         0.0       0.0       0.0        816     59412
hdisk315         0.0       0.0       0.0        789    112640
hdisk317         0.0       0.0       0.0        794     36952
hdisk311         0.0       0.0       0.0      52436     34280
hdisk316         0.0       0.0       0.0        784     64512

Disks:        % tm_act     Kbps      tps    Kb_read   Kb_wrtn
hdisk308         0.0       0.0       0.0      50800     30776
hdisk320         0.0       0.0       0.0       3091         8
hdisk323         0.0       0.0       0.0       1065     33760
hdisk325         0.0       0.0       0.0        832         0
hdisk322         0.0       0.0       0.0       1388     30932
hdisk324         0.0       0.0       0.0       3289        32
hdisk310         0.0       0.0       0.0      51295     32588
hdisk329         0.0       0.0       0.0        784         0
hdisk326         0.0       0.0       0.0       2739         0
hdisk331         0.0       0.0       0.0        786         0
hdisk333         0.0       0.0       0.0        787         0
hdisk332         0.0       0.0       0.0        797        16
hdisk334         0.0       0.0       0.0        780         0
hdisk327         0.0       0.0       0.0        785         4
hdisk336         0.0       0.0       0.0       7144      5640
hdisk318         0.0       0.0       0.0       2805         4
hdisk335         0.0       0.0       0.0       4323       124
hdisk321         0.0       0.0       0.0        793        24
hdisk340         0.0       0.0       0.0     114863    123646
hdisk337         0.0       0.0       0.0       1359       308
hdisk341         0.0       0.0       0.0     115854    109069
hdisk339         0.0       0.0       0.0     113859    116102
hdisk338         0.0       0.0       0.0     156105    124036
hdisk319         0.0       0.0       0.0        793        28

Disks:        % tm_act     Kbps      tps    Kb_read   Kb_wrtn
hdisk328         0.0       0.0       0.0        780         0
hdisk330         0.0       0.0       0.0        784         0
hdiskpower1      0.0       1.0       0.3    6403273   1172110
hdiskpower0      0.0       0.0       0.0        777         0
hdiskpower2      0.1       5.2       0.7     502683  37632008
hdiskpower3      0.0       0.1       0.0     392607      5612
hdiskpower4      0.0       0.0       0.0     221143        48
hdiskpower5      0.0       0.0       0.0       1773       144
hdiskpower6      0.0       0.2       0.0     774606    472838
hdiskpower7      0.0       0.1       0.0     452436    468226
hdiskpower8      0.0       0.1       0.0     452312    465799
hdiskpower9      0.0       0.1       0.0     457526    464929
hdiskpower10     0.0      11.5       0.0   84956675     19712
hdiskpower11     0.0      11.2       0.0   82520876     26800
hdiskpower12     0.0      14.7       0.0   108263140     25324
hdiskpower13     0.0      10.2       0.0   75042508     45144
hdiskpower14     0.0      23.1       0.0   170450528     29280
hdiskpower15     0.0      12.2       0.0   89795804     26976
hdiskpower16     0.0       8.5       0.0   62437456     21512
hdiskpower17     0.0      10.8       0.0   79252392      6864
hdiskpower18     0.0       9.5       0.0   70021448      8480
hdiskpower19     0.0      11.4       0.0   83863224     20976
hdiskpower20     0.0      14.0       0.0   102912392     29056
hdiskpower21     0.0      11.2       0.0   82664772      3520

Disks:        % tm_act     Kbps      tps    Kb_read   Kb_wrtn
hdiskpower22     0.0      13.6       0.0   100200296     19344
hdiskpower23     0.0      14.7       0.0   108209080     21904
hdiskpower24     0.0      17.4       0.0   127940976     10252
hdiskpower25     0.0      10.5       0.0   77658252      3924
hdiskpower26     0.0       0.3       0.0    1656543    251508
hdiskpower27     0.0       0.1       0.0     384257    243228
hdiskpower28     0.0       0.1       0.0     388473    233792
hdiskpower29     0.0       0.1       0.0     370949    237528
hdiskpower30     0.0       0.1       0.0     403785    252244
hdiskpower31     0.0       0.1       0.0     401221    261264
hdiskpower32     0.0       0.1       0.0     418947    492840
hdiskpower33     0.0       0.1       0.0       1940    524504
hdiskpower34     0.0       0.1       0.0       2212   1014048
hdiskpower35     0.0       0.1       0.0       1836    792288
hdiskpower36     0.0       0.1       0.0       1808    524288
hdiskpower37     0.0       0.0       0.0       1904    271208
hdiskpower38     0.0       0.0       0.0     221143        48
hdiskpower39     0.0       0.0       0.0       1765       144
hdiskpower40     0.0       0.0       0.0     221163        60
hdiskpower41     0.0       0.0       0.0       1745       136
hdiskpower42     0.0       0.1       0.0     223687    240468
hdiskpower43     0.0       0.0       0.0       3677    275868
hdiskpower44     0.0       0.0       0.0     222419       192
hdiskpower45     0.0       0.0       0.0       2081        20

Disks:        % tm_act     Kbps      tps    Kb_read   Kb_wrtn
hdiskpower46     0.0       0.1       0.0     558915        40
hdiskpower47     0.0       0.0       0.0       1917         8
hdiskpower48     0.0       0.0       0.0       1901         0
hdiskpower49     0.0       0.0       0.0       1901         0
hdiskpower50     0.0       0.0       0.0       1901         0
hdiskpower51     0.0       0.0       0.0       1901         0
hdiskpower52     0.0       0.0       0.0       1997       148
hdiskpower53     0.0       0.0       0.0       1905         0
hdiskpower54     0.0       0.0       0.0       1901         0
hdiskpower55     0.0       0.0       0.0     283379       904
hdiskpower56     0.0       0.0       0.0      49471     43148
hdiskpower57     0.0       0.0       0.0       4839      2308
hdiskpower58     0.0       0.0       0.0         25         0
hdisk457         0.0       0.0       0.0       5805      4569
hdisk458         0.0       0.0       0.0       6909      3831
hdisk460         0.0       0.0       0.0       2893      5294
hdisk461         0.0       0.0       0.0      34614      4743
hdisk459         0.0       0.0       0.0       3272      4231
hdisk462         0.0       0.0       0.0      29440      4035
hdisk463         0.0       0.0       0.0      10165      4901
hdisk464         0.0       0.0       0.0     141865      5705
hdiskpower59     0.0       0.0       0.0     228753     37310
==== EXITED with rc 0 ====
==== END iostat -A Mon Jul  6 23:13:03 GST 2015 ====
