==== This output can be found in Systems/dx980/os/iostat-aDRTl.txt ====
==== START iostat -aDRTl Mon Jul  6 23:13:03 GST 2015 ====

System configuration: lcpu=48 drives=524 paths=0 vdisks=10 tapes=0
Adapter:                      xfers              time
-------------------- --------------------------- ---------
                        bps    tps  bread  bwrtn
fcs10                 55.1K   0.3   53.5K   1.6K  23:13:03

Disks:                           xfers                                read                                write                                  queue                    time
-------------------- -------------------------------- ------------------------------------ ------------------------------------ -------------------------------------- ---------
                       %tm    bps   tps  bread  bwrtn   rps    avg    min    max time fail   wps    avg    min    max time fail    avg    min    max   avg   avg  serv
                       act                                    serv   serv   serv outs              serv   serv   serv outs        time   time   time  wqsz  sqsz qfull
hdisk449               0.0   0.0    0.0   0.0    0.0    0.0   1.3    0.2    6.6     0    0   0.0   0.0    0.0    0.0     0    0   0.0    0.0    0.0    0.0   0.0   0.0  23:13:03
hdisk36                0.0   1.9K   0.0   1.9K   0.3    0.0 199.7    0.2  605.5     0    0   0.0 205.6    0.4  571.3     0    0   0.0    0.0    0.5    0.0   0.0   0.0  23:13:03
hdisk37                0.0   1.3K   0.0   1.3K   0.9    0.0 196.9    0.2  831.8     0    0   0.0 239.5    0.4  709.7     0    0   0.0    0.0    0.5    0.0   0.0   0.0  23:13:03
hdisk38                0.0   2.9K   0.0   2.9K   0.5    0.0 206.6    0.3  654.3     0    0   0.0 171.8    0.4  570.1     0    0   0.0    0.0    0.6    0.0   0.0   0.0  23:13:03
hdisk39                0.0   1.6K   0.0   1.6K   0.5    0.0 201.0    0.2  525.5     0    0   0.0 182.7    0.4  460.4     0    0   0.0    0.0    0.5    0.0   0.0   0.0  23:13:03
hdisk40                0.0   1.1K   0.0   1.1K   0.4    0.0 200.0    0.2  607.0     0    0   0.0 214.3    0.4  647.6     0    0   0.0    0.0    0.6    0.0   0.0   0.0  23:13:03
hdisk41                0.0   1.4K   0.0   1.4K   0.2    0.0 201.1    0.2  511.9     0    0   0.0 139.3    0.4  281.1     0    0   0.0    0.0    0.5    0.0   0.0   0.0  23:13:03
hdisk42                0.0   1.2K   0.0   1.2K   0.2    0.0 196.9    0.3  640.1     0    0   0.0 152.9    0.6  644.0     0    0   0.0    0.0    0.5    0.0   0.0   0.0  23:13:03
hdisk43                0.0   1.5K   0.0   1.5K   0.4    0.0 204.8    0.3  678.7     0    0   0.0 213.0    0.3  620.4     0    0   0.3    0.0  475.2    0.0   0.0   0.0  23:13:03
hdisk44                0.0   1.8K   0.0   1.8K   0.5    0.0 201.8    0.3  532.6     0    0   0.0 170.5    0.4  509.7     0    0   0.0    0.0    0.5    0.0   0.0   0.0  23:13:03
hdisk45                0.0   1.5K   0.0   1.5K   0.1    0.0 198.9    0.2  481.8     0    0   0.0 162.8    0.5  360.4     0    0   0.0    0.0    0.5    0.0   0.0   0.0  23:13:03
hdisk46                0.0   1.7K   0.0   1.7K   0.3    0.0 201.0    0.2  527.1     0    0   0.0 184.5    0.4  459.5     0    0   0.0    0.0    0.5    0.0   0.0   0.0  23:13:03
hdisk47                0.0   1.9K   0.0   1.9K   0.3    0.0 197.5    0.2  477.4     0    0   0.0 202.2    0.4  471.5     0    0   0.0    0.0    0.5    0.0   0.0   0.0  23:13:03
hdisk48                0.0   2.2K   0.0   2.2K   0.2    0.0 198.2    0.3  460.2     0    0   0.0 181.1    0.4  421.7     0    0   0.0    0.0    0.6    0.0   0.0   0.0  23:13:03
hdisk49                0.0   1.3K   0.0   1.3K   0.1    0.0 198.1    0.3  461.9     0    0   0.0 130.4    0.5  398.0     0    0   0.0    0.0    0.5    0.0   0.0   0.0  23:13:03
hdisk50                0.0 164.2    0.0 160.0    4.1    0.0 120.5    0.3  835.7     0    0   0.0 333.4    0.4    1.2S    0    0  48.1    0.0    1.2S   0.0   0.0   0.0  23:13:03
hdisk51                0.0  11.9    0.0   7.7    4.2    0.0 160.2    0.3  391.3     0    0   0.0 341.2    0.4    1.1S    0    0  69.6    0.0    1.1S   0.0   0.0   0.0  23:13:03
hdisk52                0.0  11.6    0.0   7.6    4.0    0.0 157.8    0.3  567.1     0    0   0.0 319.2    6.5    1.1S    0    0  47.0    0.0    1.0S   0.0   0.0   0.0  23:13:03
hdisk53                0.0  11.4    0.0   7.3    4.1    0.0 159.2    0.3  630.3     0    0   0.0 325.8    0.5    1.1S    0    0  45.2    0.0  980.7    0.0   0.0   0.0  23:13:03
hdisk54                0.0  12.3    0.0   8.0    4.3    0.0 160.8    0.2  901.1     0    0   0.0 327.4    0.3    1.0S    0    0  50.8    0.0  882.8    0.0   0.0   0.0  23:13:03
hdisk55                0.0  12.2    0.0   7.8    4.4    0.0 159.6    0.3  835.7     0    0   0.0 322.5    0.4  981.4     0    0  57.2    0.0    1.1S   0.0   0.0   0.0  23:13:03
hdisk56                0.0  48.4    0.0  38.6    9.8    0.0   8.7    0.3  315.2     0    0   0.0 214.4    0.4  381.3     0    0   0.0    0.0    0.0    0.0   0.0   0.0  23:13:03
hdisk57                0.0   8.1    0.0   0.3    7.8    0.0   9.4    0.3   46.9     0    0   0.0 177.3    0.4  299.9     0    0   0.0    0.0    0.0    0.0   0.0   0.0  23:13:03
hdisk28                0.0 656.9    0.1   1.1  655.8    0.0   1.2    0.2   91.9     0    0   0.1   2.0    0.3  394.1     0    0   0.1    0.0  154.1    0.0   0.0   0.0  23:13:03
hdisk24                0.0  61.8    0.0  45.7   16.1    0.0  22.0    0.2  402.8     0    0   0.0 128.6    0.3  310.6     0    0   0.0    0.0    0.1    0.0   0.0   0.0  23:13:03
hdisk30                0.0  70.6    0.0  50.2   20.4    0.0   0.9    0.2  315.7     0    0   0.0   1.3    0.3  367.0     0    0   0.0    0.0    0.1    0.0   0.0   0.0  23:13:03
hdisk58                0.0  17.6    0.0   0.3   17.4    0.0  21.3    0.3  143.5     0    0   0.0 167.9    0.5  569.2     0    0   0.0    0.0    0.0    0.0   0.0   0.0  23:13:03
hdisk26                0.0  31.5    0.0  16.5   15.0    0.0 117.6    0.2  333.8     0    0   0.0 134.2    0.3  360.7     0    0   0.0    0.0    0.0    0.0   0.0   0.0  23:13:03
hdisk25                0.0  33.4    0.0  16.2   17.2    0.0 107.5    0.3  316.1     0    0   0.0 133.2    0.3  452.3     0    0   0.0    0.0    0.0    0.0   0.0   0.0  23:13:03
hdisk29                0.0   0.1    0.0   0.1    0.0    0.0   4.9    0.3   24.2     0    0   0.0   0.0    0.0    0.0     0    0   0.0    0.0    0.0    0.0   0.0   0.0  23:13:03
hdisk59                0.0  13.8    0.0   0.3   13.5    0.0   8.7    0.3   40.7     0    0   0.0 123.8    0.6  256.9     0    0   0.0    0.0    0.0    0.0   0.0   0.0  23:13:03
hdisk450               0.0   0.0    0.0   0.0    0.0    0.0   1.1    0.2    7.0     0    0   0.0   0.0    0.0    0.0     0    0   0.0    0.0    0.0    0.0   0.0   0.0  23:13:03
hdisk60                0.0   8.4    0.0   0.3    8.1    0.0   8.5    0.2   47.1     0    0   0.0 107.9   11.4  294.4     0    0   0.0    0.0    0.0    0.0   0.0   0.0  23:13:03
hdisk27                0.0  33.0    0.0  17.2   15.8    0.0 113.8    0.2  403.7     0    0   0.0 157.3    0.3  337.8     0    0   0.0    0.0    0.0    0.0   0.0   0.0  23:13:03
hdisk61                0.0   5.1    0.0   0.3    4.8    0.0  11.5    0.3   45.7     0    0   0.0  23.9    0.5  223.3     0    0   0.0    0.0    0.0    0.0   0.0   0.0  23:13:03
hdisk32                0.0   1.2    0.0   1.2    0.0    0.0   3.1    0.3   40.0     0    0   0.0   0.6    0.4    0.8     0    0   0.0    0.0    0.0    0.0   0.0   0.0  23:13:03
hdisk63                0.0   0.3    0.0   0.3    0.0    0.0   9.7    0.3   39.8     0    0   0.0  73.8    0.4  279.9     0    0   0.0    0.0    0.0    0.0   0.0   0.0  23:13:03
hdisk66                0.0  24.5    0.0  20.3    4.1    0.0  10.9    0.3  231.8     0    0   0.0 251.7    0.3  843.2     0    0   6.2    0.0  411.2    0.0   0.0   0.0  23:13:03
hdisk62                0.0  19.9    0.0  19.9    0.0    0.0  11.4    0.3  445.6     0    0   0.0   0.8    0.4    1.4     0    0   0.0    0.0    0.0    0.0   0.0   0.0  23:13:03
hdisk31                0.0   4.9    0.0   4.8    0.1    0.0   4.6    0.2  243.5     0    0   0.0  32.9    0.3  318.8     0    0   0.0    0.0    0.0    0.0   0.0   0.0  23:13:03
hdisk65                0.0   0.3    0.0   0.3    0.0    0.0  11.3    0.3   45.8     0    0   0.0  51.5    0.6  153.0     0    0   0.0    0.0    0.0    0.0   0.0   0.0  23:13:03
hdisk64                0.0  20.1    0.0  20.1    0.0    0.0  10.2    0.2   63.2     0    0   0.0   0.5    0.5    0.6     0    0   0.0    0.0    0.0    0.0   0.0   0.0  23:13:03
hdisk67                0.0   5.1    0.0   0.3    4.8    0.0  11.6    0.3  200.3     0    0   0.0 321.9    0.4  853.5     0    0  77.6    0.0  705.6    0.0   0.0   0.0  23:13:03
hdisk33                0.0   0.1    0.0   0.1    0.0    0.0   7.4    0.3   44.1     0    0   0.0 112.9    0.6  281.4     0    0   0.0    0.0    0.0    0.0   0.0   0.0  23:13:03
hdisk68                0.0  20.1    0.0  20.0    0.0    0.0  11.8    0.3  194.6     0    0   0.0  58.8    0.4  255.2     0    0   0.0    0.0    0.0    0.0   0.0   0.0  23:13:03
hdisk69                0.0   0.3    0.0   0.3    0.0    0.0  26.6    0.3  234.3     0    0   0.0   0.5    0.5    0.5     0    0   0.0    0.0    0.0    0.0   0.0   0.0  23:13:03
hdisk70                0.0  52.1    0.0  52.1    0.0    0.0   9.9    0.3   90.8     0    0   0.0   0.6    0.4    0.9     0    0   0.0    0.0    0.0    0.0   0.0   0.0  23:13:03
hdisk72                0.0   0.3    0.0   0.3    0.0    0.0  13.8    0.3   44.3     0    0   0.0   0.0    0.0    0.0     0    0   0.0    0.0    0.0    0.0   0.0   0.0  23:13:03
hdisk73                0.0   0.3    0.0   0.3    0.0    0.0  12.3    0.3   42.1     0    0   0.0   0.0    0.0    0.0     0    0   0.0    0.0    0.0    0.0   0.0   0.0  23:13:03
hdisk74                0.0   0.3    0.0   0.3    0.0    0.0  12.5    0.3   45.3     0    0   0.0   0.0    0.0    0.0     0    0   0.0    0.0    0.0    0.0   0.0   0.0  23:13:03
hdisk75                0.0   0.3    0.0   0.3    0.0    0.0  12.9    0.3   50.1     0    0   0.0   0.0    0.0    0.0     0    0   0.0    0.0    0.0    0.0   0.0   0.0  23:13:03
hdisk71                0.0   0.3    0.0   0.3    0.0    0.0  12.3    0.3   57.5     0    0   0.0   0.0    0.0    0.0     0    0   0.0    0.0    0.0    0.0   0.0   0.0  23:13:03
hdisk77                0.0   0.2    0.0   0.2    0.0    0.0  10.8    0.3   43.7     0    0   0.0   0.0    0.0    0.0     0    0   0.0    0.0    0.0    0.0   0.0   0.0  23:13:03
hdisk76                0.0   0.3    0.0   0.3    0.0    0.0  15.9    0.3   68.3     0    0   0.0 100.4    0.6  218.5     0    0   0.0    0.0    0.0    0.0   0.0   0.0  23:13:03
hdisk78                0.0   0.3    0.0   0.3    0.0    0.0  11.4    0.3   45.5     0    0   0.0   0.0    0.0    0.0     0    0   0.0    0.0    0.0    0.0   0.0   0.0  23:13:03
hdisk79                0.0  24.8    0.0  24.8    0.0    0.0   8.9    0.2   92.3     0    0   0.0  59.8    0.4  272.5     0    0   0.0    0.0    0.0    0.0   0.0   0.0  23:13:03
hdisk80                0.0   1.9    0.0   1.2    0.8    0.0  65.3    0.3  303.3     0    0   0.0  74.0    0.4  293.2     0    0   0.0    0.0    0.0    0.0   0.0   0.0  23:13:03
hdisk81                0.0   0.3    0.0   0.3    0.0    0.0  13.1    0.2  138.8     0    0   0.0  76.8    0.4  201.4     0    0   0.0    0.0    0.0    0.0   0.0   0.0  23:13:03
hdisk5                 0.0   0.2    0.0   0.2    0.0    0.0   9.4    0.3   44.3     0    0   0.0   0.0    0.0    0.0     0    0   0.0    0.0    0.0    0.0   0.0   0.0  23:13:03
hdisk35                0.0   1.4K   0.0   1.4K   0.6    0.0 191.7    0.3  564.3     0    0   0.0 158.9    0.4  477.7     0    0   0.0    0.0    0.5    0.0   0.0   0.0  23:13:03
hdisk6                 0.0  74.4    0.0  53.9   20.5    0.0   0.9    0.2  351.2     0    0   0.0   1.4    0.3  637.5     0    0   0.0    0.0    0.1    0.0   0.0   0.0  23:13:03
hdisk4                 0.0 651.9    0.1   0.6  651.3    0.0   1.1    0.2   53.3     0    0   0.1   2.1    0.3  487.8     0    0   0.1    0.0  312.5    0.0   0.0   0.0  23:13:03
hdisk34                0.0   2.0K   0.0   2.0K   0.3    0.0 135.3    0.2  704.9     0    0   0.0 160.5    0.4  527.5     0    0   0.1    0.0    0.6    0.0   0.0   0.0  23:13:03
hdisk17                0.0   0.3    0.0   0.3    0.0    0.0   9.1    0.3   44.4     0    0   0.0  54.7    0.5  162.7     0    0   0.0    0.0    0.0    0.0   0.0   0.0  23:13:03
hdisk12                0.0  19.6    0.0  19.5    0.1    0.0   3.5    0.2  141.0     0    0   0.0  47.8    0.3  327.1     0    0   0.0    0.0    0.0    0.0   0.0   0.0  23:13:03
hdisk16                0.0  20.2    0.0  20.2    0.0    0.0  10.2    0.3   84.1     0    0   0.0   0.5    0.4    0.6     0    0   0.0    0.0    0.0    0.0   0.0   0.0  23:13:03
hdisk82                0.0   1.4K   0.0   1.4K   0.3    0.0 180.8    0.3  629.1     0    0   0.0 152.2    0.5  648.3     0    0   0.0    0.0    0.5    0.0   0.0   0.0  23:13:03
hdisk87                0.0   1.6K   0.0   1.6K   0.4    0.0 199.8    0.2  511.6     0    0   0.0 159.6    0.5  440.1     0    0   0.0    0.0    0.5    0.0   0.0   0.0  23:13:03
hdisk85                0.0   1.3K   0.0   1.3K   0.8    0.0 197.8    0.2  705.9     0    0   0.0 235.5    0.4  775.5     0    0   0.0    0.0    0.5    0.0   0.0   0.0  23:13:03
hdisk88                0.0   1.1K   0.0   1.1K   0.3    0.0 200.3    0.2  481.0     0    0   0.0 136.7    0.4  363.4     0    0   0.0    0.0    0.5    0.0   0.0   0.0  23:13:03
hdisk84                0.0   1.9K   0.0   1.9K   0.4    0.0 199.2    0.3  629.5     0    0   0.0 169.9    0.5  655.5     0    0   0.0    0.0    0.5    0.0   0.0   0.0  23:13:03
hdisk89                0.0   1.4K   0.0   1.4K   0.1    0.0 201.3    0.2  460.9     0    0   0.0 127.0    0.5  332.0     0    0   0.0    0.0    0.5    0.0   0.0   0.0  23:13:03
hdisk86                0.0   3.0K   0.0   3.0K   0.5    0.0 205.8    0.3  621.7     0    0   0.0 163.1    0.3  568.0     0    0   0.0    0.0    0.5    0.0   0.0   0.0  23:13:03
hdisk83                0.0   1.5K   0.0   1.5K   0.5    0.0 194.6    0.3  761.9     0    0   0.0 173.6    0.4  862.5     0    0   0.0    0.0    0.5    0.0   0.0   0.0  23:13:03
hdisk90                0.0   1.2K   0.0   1.2K   0.2    0.0 198.6    0.2  601.8     0    0   0.0 158.4    0.4  390.8     0    0   0.0    0.0    0.5    0.0   0.0   0.0  23:13:03
hdisk91                0.0   1.5K   0.0   1.5K   0.3    0.0 203.8    0.3  612.4     0    0   0.0 135.8    0.3  503.3     0    0   0.0    0.0    0.5    0.0   0.0   0.0  23:13:03
hdisk95                0.0   1.9K   0.0   1.9K   0.3    0.0 197.9    0.3  486.3     0    0   0.0 156.8    0.5  349.0     0    0   0.0    0.0    0.5    0.0   0.0   0.0  23:13:03
hdisk93                0.0   1.4K   0.0   1.4K   0.1    0.0 198.6    0.3  581.5     0    0   0.0 152.6    0.6  394.4     0    0   0.0    0.0    0.5    0.0   0.0   0.0  23:13:03
hdisk92                0.0   1.8K   0.0   1.8K   0.5    0.0 200.9    0.3  506.1     0    0   0.0 182.1    0.5  492.8     0    0   0.0    0.0    0.5    0.0   0.0   0.0  23:13:03
hdisk94                0.0   1.7K   0.0   1.7K   0.4    0.0 199.9    0.3  507.0     0    0   0.0 171.9    0.6  402.0     0    0   0.0    0.0    0.5    0.0   0.0   0.0  23:13:03
hdisk101               0.0  10.8    0.0   6.7    4.1    0.0 159.1    0.2  675.8     0    0   0.0 312.5    0.7    1.1S    0    0  36.1    0.0  787.3    0.0   0.0   0.0  23:13:03
hdisk102               0.0  11.7    0.0   7.5    4.2    0.0 160.2    0.3  812.8     0    0   0.0 327.8    0.3    1.1S    0    0  46.3    0.0    1.1S   0.0   0.0   0.0  23:13:03
hdisk99                0.0  11.2    0.0   7.0    4.2    0.0 160.2    0.3  466.5     0    0   0.0 342.0    0.9    1.1S    0    0  70.8    0.0    1.1S   0.0   0.0   0.0  23:13:03
hdisk104               0.0  14.2    0.0   2.1   12.1    0.0   4.9    0.2  297.4     0    0   0.0 226.2    1.9  404.7     0    0   0.0    0.0    0.0    0.0   0.0   0.0  23:13:03
hdisk98                0.0  13.1    0.0   9.0    4.1    0.0 140.3    0.2  989.7     0    0   0.0 312.6    0.6    1.1S    0    0  37.5    0.0    1.1S   0.0   0.0   0.0  23:13:03
hdisk97                0.0   1.4K   0.0   1.4K   0.1    0.0 196.2    0.2  455.0     0    0   0.0 135.5    0.4  357.3     0    0   0.0    0.0    0.6    0.0   0.0   0.0  23:13:03
hdisk106               0.0  15.1    0.0   0.1   15.0    0.0  38.1    0.3  295.9     0    0   0.0 148.5    0.4  370.4     0    0   0.0    0.0    0.0    0.0   0.0   0.0  23:13:03
hdisk96                0.0   2.2K   0.0   2.2K   0.2    0.0 197.6    0.3  534.9     0    0   0.0 143.8    0.4  421.9     0    0   0.0    0.0    0.5    0.0   0.0   0.0  23:13:03
hdisk105               0.0   8.4    0.0   0.1    8.3    0.0   4.9    0.3   29.5     0    0   0.0 174.7    0.4  240.8     0    0   0.0    0.0    0.0    0.0   0.0   0.0  23:13:03
hdisk108               0.0   8.8    0.0   0.1    8.7    0.0   7.4    0.3   42.1     0    0   0.0  91.8   11.1  353.8     0    0   0.0    0.0    0.0    0.0   0.0   0.0  23:13:03
hdisk111               0.0   0.1    0.0   0.1    0.0    0.0   5.4    0.3   32.3     0    0   0.0  30.9    0.4  122.4     0    0   0.0    0.0    0.0    0.0   0.0   0.0  23:13:03
hdisk107               0.0  12.1    0.0   0.1   12.0    0.0   6.3    0.3   38.4     0    0   0.0 125.1    0.8  241.2     0    0   0.0    0.0    0.0    0.0   0.0   0.0  23:13:03
hdisk100               0.0  11.1    0.0   7.3    3.8    0.0 160.2    0.3  719.6     0    0   0.0 283.9    3.8  958.0     0    0  16.3    0.0  739.6    0.0   0.0   0.0  23:13:03
hdisk103               0.0  11.9    0.0   7.3    4.7    0.0 159.9    0.2  527.2     0    0   0.0 326.9    0.6    1.0S    0    0  58.9    0.0  938.9    0.0   0.0   0.0  23:13:03
hdisk112               0.0   1.2    0.0   1.2    0.0    0.0   3.0    0.3   44.7     0    0   0.0   0.7    0.6    0.8     0    0   0.0    0.0    0.0    0.0   0.0   0.0  23:13:03
hdisk109               0.0   4.5    0.0   0.1    4.4    0.0   5.3    0.3   32.1     0    0   0.0  25.1    0.4  259.2     0    0   0.0    0.0    0.0    0.0   0.0   0.0  23:13:03
hdisk110               0.0   1.3    0.0   1.3    0.0    0.0   3.3    0.3   35.7     0    0   0.0   0.4    0.4    0.4     0    0   0.0    0.0    0.0    0.0   0.0   0.0  23:13:03
hdisk113               0.0   0.1    0.0   0.1    0.0    0.0   5.2    0.3   35.2     0    0   0.0  90.4    0.5  279.4     0    0   0.0    0.0    0.0    0.0   0.0   0.0  23:13:03
hdisk118               0.0   2.7    0.0   2.7    0.0    0.0   2.7    0.3   66.3     0    0   0.0   0.9    0.7    1.1     0    0   0.0    0.0    0.0    0.0   0.0   0.0  23:13:03
hdisk120               0.0   0.1    0.0   0.1    0.0    0.0   5.7    0.3   32.1     0    0   0.0   0.0    0.0    0.0     0    0   0.0    0.0    0.0    0.0   0.0   0.0  23:13:03
hdisk114               0.0   5.3    0.0   1.2    4.1    0.0   7.4    0.3  362.5     0    0   0.0 272.6    0.4  849.7     0    0  16.2    0.0  638.1    0.0   0.0   0.0  23:13:03
hdisk119               0.0   0.1    0.0   0.1    0.0    0.0   5.5    0.3   30.8     0    0   0.0   0.0    0.0    0.0     0    0   0.0    0.0    0.0    0.0   0.0   0.0  23:13:03
hdisk116               0.0   1.3    0.0   1.3    0.0    0.0   3.2    0.2   37.8     0    0   0.0  47.4    0.3  188.2     0    0   0.0    0.0    0.0    0.0   0.0   0.0  23:13:03
hdisk117               0.0   0.1    0.0   0.1    0.0    0.0   3.9    0.3   25.5     0    0   0.0   0.5    0.5    0.5     0    0   0.0    0.0    0.0    0.0   0.0   0.0  23:13:03
hdisk123               0.0   0.1    0.0   0.1    0.0    0.0   2.3    0.3   15.6     0    0   0.0   0.0    0.0    0.0     0    0   0.0    0.0    0.0    0.0   0.0   0.0  23:13:03
hdisk124               0.0   0.1    0.0   0.1    0.0    0.0   3.9    0.3   16.3     0    0   0.0  70.8    0.4  351.9     0    0   0.0    0.0    0.0    0.0   0.0   0.0  23:13:03
hdisk121               0.0   0.1    0.0   0.1    0.0    0.0   4.5    0.3   25.2     0    0   0.0   0.0    0.0    0.0     0    0   0.0    0.0    0.0    0.0   0.0   0.0  23:13:03
hdisk127               0.0   1.5    0.0   1.5    0.0    0.0   3.3    0.2  255.4     0    0   0.0  86.7    0.3  310.4     0    0   0.0    0.0    0.0    0.0   0.0   0.0  23:13:03
hdisk125               0.0   0.1    0.0   0.1    0.0    0.0   3.3    0.3   15.8     0    0   0.0   0.0    0.0    0.0     0    0   0.0    0.0    0.0    0.0   0.0   0.0  23:13:03
hdisk128               0.0   1.7    0.0   0.9    0.8    0.0  64.9    0.2  331.5     0    0   0.0  75.3    0.4  328.8     0    0   0.0    0.0    0.2    0.0   0.0   0.0  23:13:03
hdisk115               0.0   4.9    0.0   0.1    4.8    0.0   7.9    0.3   32.3     0    0   0.0 336.1    0.4    1.2S    0    0  88.4    0.0  963.4    0.0   0.0   0.0  23:13:03
hdisk129               0.0   0.3    0.0   0.2    0.0    0.0  17.1    0.3  156.5     0    0   0.0  83.6    0.4  281.9     0    0   0.0    0.0    0.0    0.0   0.0   0.0  23:13:03
hdisk122               0.0   0.1    0.0   0.1    0.0    0.0   3.0    0.3   17.0     0    0   0.0   0.0    0.0    0.0     0    0   0.0    0.0    0.0    0.0   0.0   0.0  23:13:03
hdisk126               0.0   0.1    0.0   0.1    0.0    0.0   2.6    0.3   14.5     0    0   0.0   0.0    0.0    0.0     0    0   0.0    0.0    0.0    0.0   0.0   0.0  23:13:03
hdisk457               0.0   1.4    0.0   0.8    0.6    0.0  34.9    0.2  275.0     0    0   0.0 143.7    0.3  302.0     0    0   0.0    0.0    0.0    0.0   0.0   0.0  23:13:03
hdisk458               0.0   1.5    0.0   1.0    0.5    0.0   6.9    0.2  283.6     0    0   0.0 143.5    0.3  328.3     0    0   0.0    0.0    0.0    0.0   0.0   0.0  23:13:03
Adapter:                      xfers              time
-------------------- --------------------------- ---------
                        bps    tps  bread  bwrtn
fcs11                 54.8K   0.3   53.1K   1.6K  23:13:03

Disks:                           xfers                                read                                write                                  queue                    time
-------------------- -------------------------------- ------------------------------------ ------------------------------------ -------------------------------------- ---------
                       %tm    bps   tps  bread  bwrtn   rps    avg    min    max time fail   wps    avg    min    max time fail    avg    min    max   avg   avg  serv
                       act                                    serv   serv   serv outs              serv   serv   serv outs        time   time   time  wqsz  sqsz qfull
hdisk451               0.0   0.0    0.0   0.0    0.0    0.0   1.2    0.2    8.4     0    0   0.0   0.0    0.0    0.0     0    0   0.0    0.0    0.0    0.0   0.0   0.0  23:13:03
hdisk130               0.0 653.5    0.1   0.5  653.0    0.0   1.4    0.2   74.3     0    0   0.1   2.0    0.3  422.5     0    0   0.1    0.0  162.3    0.0   0.0   0.0  23:13:03
hdisk132               0.0  71.6    0.0  51.1   20.5    0.0   1.1    0.2  306.4     0    0   0.0   1.3    0.3  501.8     0    0   0.0    0.0    0.1    0.0   0.0   0.0  23:13:03
hdisk131               0.0   0.1    0.0   0.1    0.0    0.0   4.9    0.3   31.3     0    0   0.0   0.0    0.0    0.0     0    0   0.0    0.0    0.0    0.0   0.0   0.0  23:13:03
hdisk133               0.0   7.7    0.0   7.6    0.1    0.0   2.9    0.2  169.7     0    0   0.0  35.6    0.3  296.6     0    0   0.0    0.0    0.0    0.0   0.0   0.0  23:13:03
hdisk136               0.0   1.4K   0.0   1.4K   0.4    0.0 180.7    0.3  590.0     0    0   0.0 145.2    0.5  622.8     0    0   0.0    0.0    0.6    0.0   0.0   0.0  23:13:03
hdisk135               0.0   0.1    0.0   0.1    0.0    0.0   4.5    0.3   30.7     0    0   0.0  41.2    0.4  122.6     0    0   0.0    0.0    0.0    0.0   0.0   0.0  23:13:03
hdisk134               0.0   4.9    0.0   4.9    0.0    0.0   3.9    0.3   68.8     0    0   0.0   0.4    0.4    0.4     0    0   0.0    0.0    0.0    0.0   0.0   0.0  23:13:03
hdisk137               0.0   1.5K   0.0   1.5K   0.5    0.0 192.5    0.3  732.9     0    0   0.0 169.0    0.4  557.3     0    0   0.0    0.0    0.6    0.0   0.0   0.0  23:13:03
hdisk138               0.0   1.9K   0.0   1.9K   0.4    0.0 198.5    0.3  663.3     0    0   0.0 159.7    0.5  638.4     0    0   0.0    0.0    0.6    0.0   0.0   0.0  23:13:03
hdisk140               0.0   3.0K   0.0   3.0K   0.3    0.0 206.0    0.3  618.9     0    0   0.0 144.8    0.5  459.6     0    0   0.0    0.0    0.6    0.0   0.0   0.0  23:13:03
hdisk141               0.0   1.6K   0.0   1.6K   0.6    0.0 199.0    0.3  467.1     0    0   0.0 195.4    0.4  477.8     0    0   0.4    0.0  439.9    0.0   0.0   0.0  23:13:03
hdisk145               0.0   1.5K   0.0   1.5K   0.5    0.0 204.6    0.3  510.6     0    0   0.0 206.1    0.3  626.2     0    0   0.6    0.0  526.1    0.0   0.0   0.0  23:13:03
hdisk147               0.0   1.4K   0.0   1.4K   0.1    0.0 196.7    0.2  502.1     0    0   0.0 151.7    0.6  505.1     0    0   0.0    0.0    0.5    0.0   0.0   0.0  23:13:03
hdisk452               0.0   0.0    0.0   0.0    0.0    0.0   2.5    0.2   12.5     0    0   0.0   0.0    0.0    0.0     0    0   0.0    0.0    0.0    0.0   0.0   0.0  23:13:03
hdisk143               0.0   1.4K   0.0   1.4K   0.1    0.0 200.1    0.3  492.6     0    0   0.0 137.0    0.5  288.3     0    0   0.0    0.0    0.5    0.0   0.0   0.0  23:13:03
hdisk153               0.0  11.2    0.0   7.0    4.2    0.0 160.1    0.3  827.6     0    0   0.0 324.8    0.6    1.1S    0    0  56.0    0.0  893.2    0.0   0.0   0.0  23:13:03
hdisk139               0.0   1.3K   0.0   1.3K   0.7    0.0 195.7    0.2  544.5     0    0   0.0 168.1    0.4  458.9     0    0   0.0    0.0    0.5    0.0   0.0   0.0  23:13:03
hdisk149               0.0   1.9K   0.0   1.9K   0.4    0.0 199.4    0.2  522.7     0    0   0.0 214.2    0.4  494.2     0    0   0.0    0.0    0.5    0.0   0.0   0.0  23:13:03
hdisk148               0.0   1.8K   0.0   1.8K   0.3    0.0 200.9    0.2  617.4     0    0   0.0 229.5    0.5  741.4     0    0   0.0    0.0    0.5    0.0   0.0   0.0  23:13:03
hdisk142               0.0   1.1K   0.0   1.1K   0.4    0.0 199.1    0.3  473.6     0    0   0.0 127.4    0.4  290.5     0    0   0.0    0.0    0.5    0.0   0.0   0.0  23:13:03
hdisk150               0.0   2.2K   0.0   2.2K   0.2    0.0 197.2    0.3  477.2     0    0   0.0 134.0    0.4  375.1     0    0   0.0    0.0    0.5    0.0   0.0   0.0  23:13:03
hdisk152               0.0  18.9    0.0  14.5    4.4    0.0 140.7    0.3  702.1     0    0   0.0 323.9    0.4    1.1S    0    0  54.6    0.0  810.3    0.0   0.0   0.0  23:13:03
hdisk144               0.0   1.2K   0.0   1.2K   0.1    0.0 198.2    0.3  465.3     0    0   0.0 168.0    0.6  367.9     0    0   0.0    0.0    0.5    0.0   0.0   0.0  23:13:03
hdisk146               0.0   1.8K   0.0   1.8K   0.5    0.0 199.7    0.2  673.8     0    0   0.0 217.1    0.6  669.0     0    0   0.0    0.0    0.5    0.0   0.0   0.0  23:13:03
hdisk162               0.0  10.5    0.0   0.1   10.4    0.0   2.7    0.3   14.4     0    0   0.0  98.5   10.6  260.4     0    0   0.0    0.0    0.0    0.0   0.0   0.0  23:13:03
hdisk159               0.0  11.2    0.0   0.1   11.1    0.0   8.7    0.3   75.3     0    0   0.0 178.8    0.4  268.0     0    0   0.0    0.0    0.0    0.0   0.0   0.0  23:13:03
hdisk163               0.0   5.0    0.0   0.1    4.8    0.0   3.6    0.3   19.4     0    0   0.0  13.0    0.4   44.9     0    0   0.0    0.0    0.0    0.0   0.0   0.0  23:13:03
hdisk151               0.0   1.4K   0.0   1.4K   0.1    0.0 196.0    0.2  482.2     0    0   0.0 105.6    0.4  210.5     0    0   0.0    0.0    0.5    0.0   0.0   0.0  23:13:03
hdisk164               0.0   3.9    0.0   3.9    0.0    0.0   5.2    0.3   46.9     0    0   0.0   0.6    0.6    0.6     0    0   0.0    0.0    0.0    0.0   0.0   0.0  23:13:03
hdisk156               0.0  11.6    0.0   7.2    4.4    0.0 160.6    0.2  818.6     0    0   0.0 324.7    0.3    1.2S    0    0  58.5    0.0    1.2S   0.0   0.0   0.0  23:13:03
hdisk155               0.0  10.7    0.0   6.6    4.1    0.0 158.5    0.3  694.2     0    0   0.0 302.7    0.6  993.8     0    0  38.9    0.0  849.8    0.0   0.0   0.0  23:13:03
hdisk160               0.0  16.9    0.0   0.1   16.8    0.0  29.2    0.2  251.6     0    0   0.0 152.0    0.7  435.6     0    0   0.0    0.0    0.0    0.0   0.0   0.0  23:13:03
hdisk154               0.0  10.9    0.0   6.7    4.2    0.0 158.6    0.3  853.5     0    0   0.0 301.8    1.6    1.2S    0    0  36.9    0.0  903.6    0.0   0.0   0.0  23:13:03
hdisk157               0.0  11.5    0.0   7.0    4.5    0.0 160.7    0.3  749.9     0    0   0.0 310.8    0.6    1.0S    0    0  45.1    0.0  933.6    0.0   0.0   0.0  23:13:03
hdisk161               0.0  15.5    0.0   0.1   15.4    0.0  13.4    0.3  120.0     0    0   0.0 139.3    1.0  267.0     0    0   0.0    0.0    0.0    0.0   0.0   0.0  23:13:03
hdisk158               0.0  15.3    0.0   7.3    8.0    0.0   4.2    0.3  175.5     0    0   0.0 216.6    1.1  370.2     0    0   0.0    0.0    0.0    0.0   0.0   0.0  23:13:03
hdisk166               0.0   3.9    0.0   3.9    0.0    0.0   5.0    0.2   68.0     0    0   0.0   0.7    0.7    0.7     0    0   0.0    0.0    0.0    0.0   0.0   0.0  23:13:03
hdisk170               0.0   3.9    0.0   3.9    0.0    0.0   3.5    0.3   32.5     0    0   0.0  47.1    0.4  279.7     0    0   0.0    0.0    0.0    0.0   0.0   0.0  23:13:03
hdisk173               0.0   0.1    0.0   0.1    0.0    0.0   5.1    0.3   22.0     0    0   0.0   0.0    0.0    0.0     0    0   0.0    0.0    0.0    0.0   0.0   0.0  23:13:03
hdisk177               0.0   0.1    0.0   0.1    0.0    0.0   5.4    0.3   33.2     0    0   0.0   0.0    0.0    0.0     0    0   0.0    0.0    0.0    0.0   0.0   0.0  23:13:03
hdisk175               0.0   0.1    0.0   0.1    0.0    0.0   5.5    0.2   30.6     0    0   0.0   0.0    0.0    0.0     0    0   0.0    0.0    0.0    0.0   0.0   0.0  23:13:03
hdisk168               0.0   8.3    0.0   4.1    4.3    0.0   7.7    0.2  234.6     0    0   0.0 300.5    0.3    1.0S    0    0  63.2    0.0  943.7    0.0   0.0   0.0  23:13:03
hdisk167               0.0   0.1    0.0   0.1    0.0    0.0   7.7    0.3   48.4     0    0   0.0   0.4    0.4    0.4     0    0   0.0    0.0    0.0    0.0   0.0   0.0  23:13:03
hdisk182               0.0   1.7    0.0   1.0    0.7    0.0  66.5    0.3  350.0     0    0   0.0  64.2    0.4  298.5     0    0   0.0    0.0    0.0    0.0   0.0   0.0  23:13:03
hdisk183               0.0   0.3    0.0   0.2    0.1    0.0  44.9    0.3  289.9     0    0   0.0 117.4    0.4  250.0     0    0   0.0    0.0    0.0    0.0   0.0   0.0  23:13:03
hdisk180               0.0   0.1    0.0   0.1    0.0    0.0   6.3    0.3   38.4     0    0   0.0   0.0    0.0    0.0     0    0   0.0    0.0    0.0    0.0   0.0   0.0  23:13:03
hdisk1                 0.0 552.5    0.0 532.1   20.4    0.0   2.0    0.2  347.6     0    0   0.0   1.4    0.3  317.8     0    0   0.0    0.0    0.2    0.0   0.0   0.0  23:13:03
hdisk169               0.0   5.0    0.0   0.2    4.9    0.0  15.3    0.3  243.5     0    0   0.0 333.0    0.4    1.2S    0    0  78.6    0.0    1.1S   0.0   0.0   0.0  23:13:03
hdisk178               0.0   0.1    0.0   0.1    0.0    0.0   7.1    0.2   42.2     0    0   0.0  81.7    0.4  244.2     0    0   0.0    0.0    0.0    0.0   0.0   0.0  23:13:03
hdisk174               0.0   0.1    0.0   0.1    0.0    0.0   5.8    0.3   38.8     0    0   0.0   0.0    0.0    0.0     0    0   0.0    0.0    0.0    0.0   0.0   0.0  23:13:03
hdisk181               0.0   5.2    0.0   5.2    0.0    0.0   3.5    0.2  155.1     0    0   0.0  64.2    0.3  293.5     0    0   0.0    0.0    0.0    0.0   0.0   0.0  23:13:03
hdisk176               0.0   0.1    0.0   0.1    0.0    0.0   4.7    0.3   25.8     0    0   0.0   0.0    0.0    0.0     0    0   0.0    0.0    0.0    0.0   0.0   0.0  23:13:03
hdisk13                0.0   7.0    0.0   6.9    0.1    0.0   3.9    0.2  172.1     0    0   0.0  34.8    0.3  303.1     0    0   0.0    0.0    0.0    0.0   0.0   0.0  23:13:03
hdisk165               0.0   0.1    0.0   0.1    0.0    0.0   6.1    0.3   42.6     0    0   0.0  64.5    0.4  255.3     0    0   0.0    0.0    0.0    0.0   0.0   0.0  23:13:03
hdisk184               0.0   1.4K   0.0   1.4K   0.3    0.0 181.3    0.2  607.2     0    0   0.0 142.0    0.4  491.4     0    0   0.0    0.0    0.7    0.0   0.0   0.0  23:13:03
hdisk171               0.0   0.1    0.0   0.1    0.0    0.0   4.5    0.2   45.6     0    0   0.0   0.9    0.9    0.9     0    0   0.0    0.0    0.0    0.0   0.0   0.0  23:13:03
hdisk172               0.0   9.8    0.0   9.8    0.0    0.0   3.8    0.3   51.4     0    0   0.0   0.7    0.7    0.7     0    0   0.0    0.0    0.0    0.0   0.0   0.0  23:13:03
hdisk0                 0.0   0.1    0.0   0.1    0.0    0.0   3.3    0.3   16.8     0    0   0.0   0.0    0.0    0.0     0    0   0.0    0.0    0.0    0.0   0.0   0.0  23:13:03
hdisk18                0.0   3.9    0.0   3.9    0.0    0.0   5.3    0.3   51.8     0    0   0.0   0.6    0.4    0.7     0    0   0.0    0.0    0.0    0.0   0.0   0.0  23:13:03
hdisk185               0.0   1.4K   0.0   1.4K   0.5    0.0 193.0    0.3  743.9     0    0   0.0 158.4    0.4  594.8     0    0   0.0    0.0    0.5    0.0   0.0   0.0  23:13:03
hdisk179               0.0   0.1    0.0   0.1    0.0    0.0   7.5    0.3   51.7     0    0   0.0   0.0    0.0    0.0     0    0   0.0    0.0    0.0    0.0   0.0   0.0  23:13:03
hdisk8                 0.0 718.4    0.1  66.6  651.8    0.0  10.7    0.2   82.2     0    0   0.1   2.0    0.2  363.7     0    0   0.1    0.0   97.4    0.0   0.0   0.0  23:13:03
hdisk189               0.0   1.5K   0.0   1.5K   0.4    0.0 199.2    0.3  532.0     0    0   0.0 139.0    0.4  413.8     0    0   0.0    0.0    0.5    0.0   0.0   0.0  23:13:03
hdisk187               0.0   1.3K   0.0   1.3K   0.8    0.0 196.3    0.3  658.3     0    0   0.0 160.6    0.5  423.8     0    0   0.0    0.0    0.5    0.0   0.0   0.0  23:13:03
hdisk186               0.0   1.9K   0.0   1.9K   0.5    0.0 199.9    0.3  560.7     0    0   0.0 165.9    0.6  492.5     0    0   0.0    0.0    0.5    0.0   0.0   0.0  23:13:03
hdisk19                0.0   0.1    0.0   0.1    0.0    0.0   4.4    0.3   20.0     0    0   0.0  67.9    0.4  269.9     0    0   0.0    0.0    0.0    0.0   0.0   0.0  23:13:03
hdisk190               0.0   1.1K   0.0   1.1K   0.4    0.0 200.7    0.3  503.2     0    0   0.0 152.6    0.4  497.2     0    0   0.0    0.0    0.6    0.0   0.0   0.0  23:13:03
hdisk188               0.0   3.0K   0.0   3.0K   0.6    0.0 205.0    0.3  561.5     0    0   0.0 145.6    0.4  447.9     0    0   0.0    0.0    0.5    0.0   0.0   0.0  23:13:03
hdisk192               0.0   1.2K   0.0   1.2K   0.2    0.0 199.4    0.3  482.3     0    0   0.0 152.7    0.4  309.5     0    0   0.0    0.0    0.6    0.0   0.0   0.0  23:13:03
hdisk191               0.0   1.4K   0.0   1.4K   0.1    0.0 199.9    0.3  463.1     0    0   0.0 135.4    0.4  284.9     0    0   0.0    0.0    0.5    0.0   0.0   0.0  23:13:03
hdisk193               0.0   1.4K   0.0   1.4K   0.4    0.0 205.6    0.3  534.2     0    0   0.0 160.2    0.3  546.3     0    0   0.0    0.0    0.5    0.0   0.0   0.0  23:13:03
hdisk197               0.0   1.9K   0.0   1.9K   0.4    0.0 197.6    0.2  575.2     0    0   0.0 179.2    0.4  531.5     0    0   0.0    0.0    0.5    0.0   0.0   0.0  23:13:03
hdisk194               0.0   1.8K   0.0   1.8K   0.5    0.0 201.1    0.2  648.3     0    0   0.0 178.7    0.4  600.3     0    0   0.0    0.0    0.5    0.0   0.0   0.0  23:13:03
hdisk195               0.0   1.4K   0.0   1.4K   0.1    0.0 197.6    0.2  483.2     0    0   0.0 166.2    0.5  371.3     0    0   0.0    0.0    0.5    0.0   0.0   0.0  23:13:03
hdisk202               0.0  11.1    0.0   6.9    4.1    0.0 159.6    0.3  865.0     0    0   0.0 322.2    1.3    1.3S    0    0  57.7    0.0    1.2S   0.0   0.0   0.0  23:13:03
hdisk196               0.0   1.8K   0.0   1.8K   0.4    0.0 201.6    0.2  545.7     0    0   0.0 206.3    0.5  545.7     0    0   0.0    0.0    0.5    0.0   0.0   0.0  23:13:03
hdisk204               0.0  11.5    0.0   7.0    4.5    0.0 160.1    0.3  701.1     0    0   0.0 319.0    0.3    1.2S    0    0  54.2    0.0    1.1S   0.0   0.0   0.0  23:13:03
hdisk205               0.0  12.1    0.0   7.5    4.5    0.0 161.9    0.3  757.6     0    0   0.0 328.1    0.8    1.1S    0    0  64.3    0.0    1.2S   0.0   0.0   0.0  23:13:03
hdisk199               0.0   1.3K   0.0   1.3K   0.1    0.0 195.9    0.3  499.5     0    0   0.0  95.4    0.5  194.2     0    0   0.0    0.0    0.5    0.0   0.0   0.0  23:13:03
hdisk207               0.0   9.7    0.0   0.1    9.5    0.0  13.4    0.3  134.0     0    0   0.0 169.3    0.4  243.1     0    0   0.0    0.0    0.0    0.0   0.0   0.0  23:13:03
hdisk200               0.0  21.1    0.0  16.6    4.5    0.0 140.8    0.2  533.5     0    0   0.0 326.9    0.5    1.1S    0    0  63.8    0.0    1.1S   0.0   0.0   0.0  23:13:03
hdisk208               0.0  20.7    0.0   0.1   20.5    0.0  21.4    0.2  276.1     0    0   0.0 151.8    0.4  363.7     0    0   0.0    0.0    0.0    0.0   0.0   0.0  23:13:03
hdisk211               0.0   4.6    0.0   0.1    4.4    0.0   4.7    0.2   29.0     0    0   0.0  15.0    0.4  110.0     0    0   0.0    0.0    0.0    0.0   0.0   0.0  23:13:03
hdisk212               0.0   4.9    0.0   4.9    0.0    0.0   3.5    0.2   31.4     0    0   0.0   0.7    0.7    0.7     0    0   0.0    0.0    0.0    0.0   0.0   0.0  23:13:03
hdisk198               0.0   2.2K   0.0   2.2K   0.2    0.0 199.3    0.2  542.2     0    0   0.0 151.5    0.5  496.3     0    0   0.0    0.0    0.5    0.0   0.0   0.0  23:13:03
hdisk206               0.0  17.8    0.0   9.4    8.4    0.0   4.1    0.2  170.2     0    0   0.0 208.4    1.0  346.8     0    0   0.0    0.0    0.0    0.0   0.0   0.0  23:13:03
hdisk209               0.0  10.6    0.0   0.1   10.5    0.0   6.8    0.3   57.2     0    0   0.0 109.9    0.4  253.7     0    0   0.0    0.0    0.0    0.0   0.0   0.0  23:13:03
hdisk213               0.0   0.1    0.0   0.1    0.0    0.0   5.0    0.2   24.8     0    0   0.0  49.0    0.4  146.0     0    0   0.0    0.0    0.0    0.0   0.0   0.0  23:13:03
hdisk203               0.0  10.8    0.0   6.6    4.1    0.0 159.4    0.3  914.5     0    0   0.0 298.1    0.5    1.0S    0    0  28.9    0.0  779.0    0.0   0.0   0.0  23:13:03
hdisk217               0.0   5.1    0.0   0.2    4.9    0.0  19.9    0.3  261.5     0    0   0.0 320.1    0.4    1.2S    0    0 105.9    0.0    1.1S   0.0   0.0   0.0  23:13:03
hdisk216               0.0   9.3    0.0   5.0    4.3    0.0  10.2    0.2  538.4     0    0   0.0 307.6    0.4    1.0S    0    0  56.8    0.0  967.1    0.0   0.0   0.0  23:13:03
hdisk220               0.0  12.3    0.0  12.3    0.0    0.0   2.4    0.2   35.1     0    0   0.0   1.1    0.7    1.4     0    0   0.0    0.0    0.0    0.0   0.0   0.0  23:13:03
hdisk201               0.0  11.1    0.0   6.9    4.2    0.0 160.3    0.3  865.1     0    0   0.0 342.6    0.6    1.3S    0    0  71.8    0.0    1.3S   0.0   0.0   0.0  23:13:03
hdisk221               0.0   0.1    0.0   0.1    0.0    0.0   4.2    0.2   36.9     0    0   0.0   0.0    0.0    0.0     0    0   0.0    0.0    0.0    0.0   0.0   0.0  23:13:03
hdisk222               0.0   0.1    0.0   0.1    0.0    0.0   5.2    0.3   35.8     0    0   0.0   0.0    0.0    0.0     0    0   0.0    0.0    0.0    0.0   0.0   0.0  23:13:03
hdisk214               0.0   5.0    0.0   5.0    0.0    0.0   3.0    0.2   31.0     0    0   0.0   0.6    0.5    0.6     0    0   0.0    0.0    0.0    0.0   0.0   0.0  23:13:03
hdisk219               0.0   0.1    0.0   0.1    0.0    0.0   1.7    0.3   11.0     0    0   0.0   0.0    0.0    0.0     0    0   0.0    0.0    0.0    0.0   0.0   0.0  23:13:03
hdisk227               0.0   0.1    0.0   0.1    0.0    0.0   3.8    0.3   26.6     0    0   0.0   0.0    0.0    0.0     0    0   0.0    0.0    0.0    0.0   0.0   0.0  23:13:03
hdisk225               0.0   0.1    0.0   0.1    0.0    0.0   2.6    0.3   12.4     0    0   0.0   0.0    0.0    0.0     0    0   0.0    0.0    0.0    0.0   0.0   0.0  23:13:03
hdisk228               0.0   0.1    0.0   0.1    0.0    0.0   4.9    0.3   26.3     0    0   0.0   0.0    0.0    0.0     0    0   0.0    0.0    0.0    0.0   0.0   0.0  23:13:03
hdisk230               0.0   1.7    0.0   0.9    0.8    0.0  60.7    0.3  334.1     0    0   0.0  71.4    0.4  306.7     0    0   0.0    0.0    0.2    0.0   0.0   0.0  23:13:03
hdisk226               0.0   0.1    0.0   0.1    0.0    0.0   5.0    0.3   23.2     0    0   0.0  51.8    0.5  153.7     0    0   0.0    0.0    0.0    0.0   0.0   0.0  23:13:03
hdisk224               0.0   0.1    0.0   0.1    0.0    0.0   2.6    0.2   17.3     0    0   0.0   0.0    0.0    0.0     0    0   0.0    0.0    0.0    0.0   0.0   0.0  23:13:03
hdisk210               0.0   9.4    0.0   0.1    9.3    0.0   6.2    0.3   44.0     0    0   0.0  77.1   10.3  258.0     0    0   0.0    0.0    0.0    0.0   0.0   0.0  23:13:03
hdisk223               0.0   0.1    0.0   0.1    0.0    0.0   5.1    0.3   30.7     0    0   0.0   0.0    0.0    0.0     0    0   0.0    0.0    0.0    0.0   0.0   0.0  23:13:03
hdisk218               0.0   4.9    0.0   4.9    0.0    0.0   3.0    0.2   35.9     0    0   0.0   0.5    0.5    0.6     0    0   0.0    0.0    0.0    0.0   0.0   0.0  23:13:03
hdisk231               0.0   0.2    0.0   0.2    0.0    0.0  46.4    0.3  307.0     0    0   0.0  99.5    0.6  224.3     0    0   0.0    0.0    0.0    0.0   0.0   0.0  23:13:03
hdisk215               0.0   0.1    0.0   0.1    0.0    0.0   6.5    0.3   52.9     0    0   0.0  55.6    0.4  159.3     0    0   0.0    0.0    0.0    0.0   0.0   0.0  23:13:03
hdisk233               0.0  31.6    0.0  15.1   16.5    0.0 106.5    0.2  334.2     0    0   0.0 134.5    0.3  415.8     0    0   0.0    0.0    0.0    0.0   0.0   0.0  23:13:03
hdisk235               0.0  32.0    0.0  15.5   16.5    0.0 119.0    0.2  334.9     0    0   0.0 156.5    0.4  329.7     0    0   0.0    0.0    0.0    0.0   0.0   0.0  23:13:03
hdisk234               0.0  31.8    0.0  15.4   16.5    0.0 111.1    0.2  324.1     0    0   0.0 131.7    0.3  357.9     0    0   0.0    0.0    0.0    0.0   0.0   0.0  23:13:03
hdisk232               0.0  33.6    0.0  17.9   15.8    0.0  20.2    0.2  346.0     0    0   0.0 131.4    0.3  318.8     0    0   0.0    0.0    0.0    0.0   0.0   0.0  23:13:03
hdisk229               0.0   6.0    0.0   6.0    0.0    0.0   3.9    0.3  121.8     0    0   0.0  69.6    0.3  279.6     0    0   0.0    0.0    0.0    0.0   0.0   0.0  23:13:03
hdisk460               0.0   1.1    0.0   0.4    0.7    0.0   9.2    0.2  273.0     0    0   0.0 150.6    0.3  332.8     0    0   0.0    0.0    0.0    0.0   0.0   0.0  23:13:03
hdisk459               0.0   1.0    0.0   0.5    0.6    0.0   8.7    0.2  270.6     0    0   0.0 134.4    0.3  318.1     0    0   0.0    0.0    0.0    0.0   0.0   0.0  23:13:03
Adapter:                      xfers              time
-------------------- --------------------------- ---------
                        bps    tps  bread  bwrtn
fcs14                 54.0K   0.3   52.4K   1.6K  23:13:03

Disks:                           xfers                                read                                write                                  queue                    time
-------------------- -------------------------------- ------------------------------------ ------------------------------------ -------------------------------------- ---------
                       %tm    bps   tps  bread  bwrtn   rps    avg    min    max time fail   wps    avg    min    max time fail    avg    min    max   avg   avg  serv
                       act                                    serv   serv   serv outs              serv   serv   serv outs        time   time   time  wqsz  sqsz qfull
hdisk236               0.0 658.6    0.1   0.5  658.0    0.0   1.1    0.2   40.8     0    0   0.1   2.0    0.3  395.1     0    0   0.0    0.0   73.9    0.0   0.0   0.0  23:13:03
hdisk453               0.0   0.0    0.0   0.0    0.0    0.0   1.0    0.2    6.2     0    0   0.0   0.0    0.0    0.0     0    0   0.0    0.0    0.0    0.0   0.0   0.0  23:13:03
hdisk239               0.0   3.9    0.0   3.8    0.1    0.0   2.8    0.2  216.5     0    0   0.0  51.0    0.3  295.7     0    0   0.0    0.0    0.0    0.0   0.0   0.0  23:13:03
hdisk240               0.0   0.4    0.0   0.4    0.0    0.0   0.8    0.2   11.5     0    0   0.0   0.5    0.5    0.5     0    0   0.0    0.0    0.0    0.0   0.0   0.0  23:13:03
hdisk238               0.0  70.4    0.0  50.2   20.2    0.0   1.2    0.2  384.8     0    0   0.0   1.4    0.3  307.8     0    0   0.0    0.0    0.1    0.0   0.0   0.0  23:13:03
hdisk454               0.0   0.0    0.0   0.0    0.0    0.0   1.4    0.2    8.3     0    0   0.0   0.0    0.0    0.0     0    0   0.0    0.0    0.0    0.0   0.0   0.0  23:13:03
hdisk244               0.0   1.9K   0.0   1.9K   0.5    0.0 199.4    0.3  867.5     0    0   0.0 152.2    0.5  675.7     0    0   0.0    0.0    0.5    0.0   0.0   0.0  23:13:03
hdisk242               0.0   1.4K   0.0   1.4K   0.3    0.0 180.0    0.2  721.0     0    0   0.0 150.9    0.4  459.5     0    0   0.0    0.0    0.5    0.0   0.0   0.0  23:13:03
hdisk241               0.0   0.1    0.0   0.1    0.0    0.0   4.0    0.3   31.5     0    0   0.0  21.5    0.4  126.1     0    0   0.0    0.0    0.0    0.0   0.0   0.0  23:13:03
hdisk243               0.0   1.4K   0.0   1.4K   0.4    0.0 193.2    0.3  813.9     0    0   0.0 189.2    0.4  690.1     0    0   0.0    0.0    0.5    0.0   0.0   0.0  23:13:03
hdisk237               0.0   0.1    0.0   0.1    0.0    0.0   4.6    0.3   30.4     0    0   0.0   0.0    0.0    0.0     0    0   0.0    0.0    0.0    0.0   0.0   0.0  23:13:03
hdisk248               0.0   1.1K   0.0   1.1K   0.4    0.0 198.8    0.2  628.4     0    0   0.0 149.0    0.4  420.8     0    0   0.0    0.0    0.5    0.0   0.0   0.0  23:13:03
hdisk246               0.0   2.9K   0.0   2.9K   0.6    0.0 206.8    0.3  571.1     0    0   0.0 182.4    0.5  497.4     0    0   0.0    0.0    0.5    0.0   0.0   0.0  23:13:03
hdisk245               0.0   1.3K   0.0   1.3K   0.7    0.0 197.8    0.2  746.0     0    0   0.0 195.7    0.6  722.1     0    0   0.1    0.0  155.1    0.0   0.0   0.0  23:13:03
hdisk249               0.0   1.4K   0.0   1.4K   0.1    0.0 201.2    0.3  492.4     0    0   0.0 134.2    0.5  322.4     0    0   0.0    0.0    0.5    0.0   0.0   0.0  23:13:03
hdisk247               0.0   1.6K   0.0   1.6K   0.5    0.0 200.3    0.2  489.7     0    0   0.0 159.9    0.4  422.0     0    0   0.0    0.0    0.5    0.0   0.0   0.0  23:13:03
hdisk250               0.0   1.2K   0.0   1.2K   0.1    0.0 201.0    0.3  501.1     0    0   0.0 162.4    0.5  438.0     0    0   0.0    0.0    0.5    0.0   0.0   0.0  23:13:03
hdisk254               0.0   1.8K   0.0   1.8K   0.2    0.0 200.9    0.2  733.6     0    0   0.0 228.2    0.5  706.4     0    0   0.0    0.0    0.6    0.0   0.0   0.0  23:13:03
hdisk258               0.0  11.7    0.0   7.2    4.5    0.0 139.5    0.2  901.4     0    0   0.0 323.6    0.3    1.1S    0    0  57.9    0.0    1.1S   0.0   0.0   0.0  23:13:03
hdisk252               0.0   1.8K   0.0   1.8K   0.5    0.0 201.0    0.3  639.5     0    0   0.0 186.0    0.5  631.5     0    0   0.0    0.0    0.5    0.0   0.0   0.0  23:13:03
hdisk255               0.0   1.9K   0.0   1.9K   0.3    0.0 196.3    0.2  565.5     0    0   0.0 172.6    0.5  557.6     0    0   0.0    0.0    0.5    0.0   0.0   0.0  23:13:03
hdisk251               0.0   1.5K   0.0   1.5K   0.3    0.0 205.0    0.2  485.8     0    0   0.0 164.1    0.3  530.5     0    0   0.0    0.0    0.5    0.0   0.0   0.0  23:13:03
hdisk256               0.0   2.2K   0.0   2.2K   0.2    0.0 198.2    0.3  550.3     0    0   0.0 146.0    0.4  546.6     0    0   0.0    0.0    0.5    0.0   0.0   0.0  23:13:03
hdisk253               0.0   1.4K   0.0   1.4K   0.1    0.0 197.1    0.2  439.0     0    0   0.0 158.3    0.4  377.6     0    0   0.0    0.0    0.5    0.0   0.0   0.0  23:13:03
hdisk265               0.0  11.2    0.0   0.1   11.1    0.0   7.5    0.3   86.1     0    0   0.0 178.0    0.3  285.4     0    0   0.0    0.0    0.1    0.0   0.0   0.0  23:13:03
hdisk259               0.0  11.2    0.0   6.8    4.3    0.0 161.4    0.2    1.0S    0    0   0.0 316.6    1.0    1.3S    0    0  43.2    0.0  962.9    0.0   0.0   0.0  23:13:03
hdisk264               0.0   7.4    0.0   0.3    7.1    0.0   2.2    0.2  214.1     0    0   0.0 196.3    0.8  351.9     0    0   0.0    0.0    0.0    0.0   0.0   0.0  23:13:03
hdisk257               0.0   1.4K   0.0   1.4K   0.1    0.0 196.2    0.3  473.8     0    0   0.0 102.6    0.3  247.6     0    0   0.0    0.0    0.5    0.0   0.0   0.0  23:13:03
hdisk266               0.0  21.9    0.0   0.1   21.8    0.0  55.7    0.3  293.2     0    0   0.0 183.2    0.5  380.9     0    0   0.0    0.0    0.0    0.0   0.0   0.0  23:13:03
hdisk267               0.0  13.6    0.0   0.1   13.5    0.0   7.2    0.3   84.1     0    0   0.0 126.0    0.6  289.9     0    0   0.0    0.0    0.0    0.0   0.0   0.0  23:13:03
hdisk262               0.0  11.6    0.0   7.1    4.5    0.0 161.1    0.3    1.2S    0    0   0.0 320.8    0.3    1.3S    0    0  55.8    0.0    1.1S   0.0   0.0   0.0  23:13:03
hdisk268               0.0   8.9    0.0   0.1    8.8    0.0   3.5    0.2   19.5     0    0   0.0  94.2   10.2  255.6     0    0   0.0    0.0    0.0    0.0   0.0   0.0  23:13:03
hdisk263               0.0  11.7    0.0   7.0    4.6    0.0 160.5    0.3    1.0S    0    0   0.0 320.2    0.8    1.1S    0    0  62.6    0.0    1.1S   0.0   0.0   0.0  23:13:03
hdisk270               0.0   0.3    0.0   0.3    0.0    0.0   3.3    0.2   42.8     0    0   0.0   0.5    0.5    0.5     0    0   0.0    0.0    0.0    0.0   0.0   0.0  23:13:03
hdisk271               0.0   0.1    0.0   0.1    0.0    0.0   5.4    0.3   31.7     0    0   0.0  51.4    0.4  156.5     0    0   0.0    0.0    0.0    0.0   0.0   0.0  23:13:03
hdisk277               0.0   0.1    0.0   0.1    0.0    0.0   1.8    0.3   10.3     0    0   0.0   0.5    0.5    0.5     0    0   0.0    0.0    0.0    0.0   0.0   0.0  23:13:03
hdisk272               0.0   0.2    0.0   0.2    0.0    0.0   3.5    0.2   47.4     0    0   0.0   1.3    1.3    1.3     0    0   0.0    0.0    0.0    0.0   0.0   0.0  23:13:03
hdisk269               0.0   4.4    0.0   0.1    4.3    0.0   3.6    0.3   21.2     0    0   0.0  21.9    0.4  144.1     0    0   0.0    0.0    0.0    0.0   0.0   0.0  23:13:03
hdisk261               0.0  11.1    0.0   6.8    4.3    0.0 157.4    0.3  660.3     0    0   0.0 319.7    0.7    1.2S    0    0  53.3    0.0  988.1    0.0   0.0   0.0  23:13:03
hdisk282               0.0   0.1    0.0   0.1    0.0    0.0   6.5    0.3   35.7     0    0   0.0   0.0    0.0    0.0     0    0   0.0    0.0    0.0    0.0   0.0   0.0  23:13:03
hdisk280               0.0   0.1    0.0   0.1    0.0    0.0   5.1    0.3   29.7     0    0   0.0   0.0    0.0    0.0     0    0   0.0    0.0    0.0    0.0   0.0   0.0  23:13:03
hdisk278               0.0   0.3    0.0   0.3    0.0    0.0   2.2    0.2   83.1     0    0   0.0   0.4    0.4    0.4     0    0   0.0    0.0    0.0    0.0   0.0   0.0  23:13:03
hdisk283               0.0   0.1    0.0   0.1    0.0    0.0   7.0    0.3   51.5     0    0   0.0   0.0    0.0    0.0     0    0   0.0    0.0    0.0    0.0   0.0   0.0  23:13:03
hdisk284               0.0   0.1    0.0   0.1    0.0    0.0   6.4    0.2   35.0     0    0   0.0  28.2    0.4  137.9     0    0   0.0    0.0    0.0    0.0   0.0   0.0  23:13:03
hdisk260               0.0  11.0    0.0   6.9    4.1    0.0 158.2    0.3  950.4     0    0   0.0 300.9    0.8    1.1S    0    0  37.5    0.0  732.8    0.0   0.0   0.0  23:13:03
hdisk273               0.0   0.1    0.0   0.1    0.0    0.0   6.9    0.2   47.2     0    0   0.0 116.9    0.5  296.1     0    0   0.0    0.0    0.0    0.0   0.0   0.0  23:13:03
hdisk275               0.0   5.1    0.0   0.1    4.9    0.0  19.9    0.3  259.8     0    0   0.0 294.9    0.4    1.3S    0    0  48.7    0.0  719.6    0.0   0.0   0.0  23:13:03
hdisk281               0.0   0.1    0.0   0.1    0.0    0.0   7.3    0.3   42.1     0    0   0.0   0.0    0.0    0.0     0    0   0.0    0.0    0.0    0.0   0.0   0.0  23:13:03
hdisk287               0.0   0.3    0.0   0.3    0.0    0.0   1.9    0.2  135.6     0    0   0.0  33.3    0.3  262.5     0    0   0.0    0.0    0.0    0.0   0.0   0.0  23:13:03
hdisk274               0.0   4.3    0.0   0.2    4.0    0.0   8.3    0.2  223.7     0    0   0.0 230.8    0.3  730.5     0    0   6.7    0.0  387.7    0.0   0.0   0.0  23:13:03
hdisk288               0.0   1.7    0.0   1.0    0.7    0.0  66.6    0.3  333.6     0    0   0.0  68.1    0.4  352.8     0    0   0.0    0.0    0.0    0.0   0.0   0.0  23:13:03
hdisk286               0.0   0.1    0.0   0.1    0.0    0.0   4.2    0.3   20.5     0    0   0.0   0.0    0.0    0.0     0    0   0.0    0.0    0.0    0.0   0.0   0.0  23:13:03
hdisk11                0.0 651.2    0.1   0.5  650.7    0.0   0.8    0.2  101.6     0    0   0.1   2.0    0.2  352.4     0    0   0.0    0.0  129.4    0.0   0.0   0.0  23:13:03
hdisk276               0.0   0.2    0.0   0.2    0.0    0.0   1.9    0.2   23.1     0    0   0.0  80.0    0.3  296.2     0    0   0.0    0.0    0.0    0.0   0.0   0.0  23:13:03
hdisk289               0.0   0.2    0.0   0.1    0.0    0.0  24.8    0.3  267.6     0    0   0.0 106.8    0.3  261.8     0    0   0.0    0.0    0.0    0.0   0.0   0.0  23:13:03
hdisk285               0.0   0.1    0.0   0.1    0.0    0.0   4.9    0.3   30.9     0    0   0.0   0.0    0.0    0.0     0    0   0.0    0.0    0.0    0.0   0.0   0.0  23:13:03
hdisk290               0.0   1.4K   0.0   1.4K   0.4    0.0 181.9    0.2  633.3     0    0   0.0 130.9    0.4  584.6     0    0   0.0    0.0    0.5    0.0   0.0   0.0  23:13:03
hdisk279               0.0   0.1    0.0   0.1    0.0    0.0   3.9    0.3   24.9     0    0   0.0   0.9    0.9    0.9     0    0   0.0    0.0    0.0    0.0   0.0   0.0  23:13:03
hdisk3                 0.0  72.3    0.0  52.0   20.3    0.0   1.1    0.2  388.1     0    0   0.0   1.4    0.3  320.2     0    0   0.0    0.0    0.1    0.0   0.0   0.0  23:13:03
hdisk292               0.0   1.9K   0.0   1.9K   0.4    0.0 199.9    0.2  858.0     0    0   0.0 151.7    0.7  545.4     0    0   0.0    0.0    0.5    0.0   0.0   0.0  23:13:03
hdisk20                0.0   0.2    0.0   0.2    0.0    0.0   3.2    0.2   28.1     0    0   0.0   0.7    0.6    0.7     0    0   0.0    0.0    0.0    0.0   0.0   0.0  23:13:03
hdisk293               0.0   1.3K   0.0   1.3K   0.6    0.0 197.8    0.2  709.9     0    0   0.0 202.7    0.7  740.2     0    0   0.0    0.0    0.5    0.0   0.0   0.0  23:13:03
hdisk14                0.0   4.0    0.0   3.9    0.1    0.0   2.9    0.2  200.0     0    0   0.0  40.5    0.3  287.7     0    0   0.0    0.0    0.0    0.0   0.0   0.0  23:13:03
hdisk295               0.0   1.5K   0.0   1.5K   0.5    0.0 201.9    0.2  861.0     0    0   0.0 166.5    0.4  728.9     0    0   0.0    0.0    0.5    0.0   0.0   0.0  23:13:03
hdisk2                 0.0   0.1    0.0   0.1    0.0    0.0   6.2    0.3   43.0     0    0   0.0   0.0    0.0    0.0     0    0   0.0    0.0    0.0    0.0   0.0   0.0  23:13:03
hdisk294               0.0   2.9K   0.0   2.9K   0.5    0.0 205.1    0.2  855.5     0    0   0.0 205.5    0.4  790.0     0    0   0.0    0.0    0.5    0.0   0.0   0.0  23:13:03
hdisk21                0.0   0.1    0.0   0.1    0.0    0.0   3.2    0.3   17.2     0    0   0.0  62.6    0.7  165.0     0    0   0.0    0.0    0.0    0.0   0.0   0.0  23:13:03
hdisk291               0.0   1.4K   0.0   1.4K   0.4    0.0 192.8    0.2  633.9     0    0   0.0 143.2    0.5  680.1     0    0   0.0    0.0    0.5    0.0   0.0   0.0  23:13:03
hdisk300               0.0   1.8K   0.0   1.8K   0.5    0.0 201.7    0.3  617.6     0    0   0.0 188.6    0.5  541.2     0    0   0.0    0.0    0.5    0.0   0.0   0.0  23:13:03
hdisk297               0.0   1.4K   0.0   1.4K   0.1    0.0 201.9    0.3  564.6     0    0   0.0 158.0    0.3  365.2     0    0   0.0    0.0    0.5    0.0   0.0   0.0  23:13:03
hdisk301               0.0   1.4K   0.0   1.4K   0.1    0.0 197.3    0.2  648.9     0    0   0.0 156.5    0.4  576.2     0    0   0.0    0.0    0.5    0.0   0.0   0.0  23:13:03
hdisk298               0.0   1.2K   0.0   1.2K   0.2    0.0 199.4    0.3  534.8     0    0   0.0 152.9    0.5  297.1     0    0   0.0    0.0    0.6    0.0   0.0   0.0  23:13:03
hdisk296               0.0   1.1K   0.0   1.1K   0.4    0.0 199.0    0.2  517.0     0    0   0.0 161.7    0.4  398.7     0    0   0.0    0.0    0.5    0.0   0.0   0.0  23:13:03
hdisk303               0.0   1.9K   0.0   1.9K   0.5    0.0 197.8    0.2  541.0     0    0   0.0 205.7    0.5  513.2     0    0   0.0    0.0    0.5    0.0   0.0   0.0  23:13:03
hdisk306               0.0  12.3    0.0   7.9    4.5    0.0 138.7    0.2  656.3     0    0   0.0 320.1    0.4    1.2S    0    0  59.3    0.0  973.8    0.0   0.0   0.0  23:13:03
hdisk299               0.0   1.4K   0.0   1.4K   0.3    0.0 204.4    0.3  451.2     0    0   0.0 132.0    0.3  461.8     0    0   0.0    0.0    0.5    0.0   0.0   0.0  23:13:03
hdisk305               0.0   1.3K   0.0   1.3K   0.1    0.0 196.6    0.3  588.9     0    0   0.0  84.4    0.5  207.7     0    0   0.0    0.0    0.5    0.0   0.0   0.0  23:13:03
hdisk304               0.0   2.2K   0.0   2.2K   0.1    0.0 200.5    0.2  568.9     0    0   0.0 155.3    0.4  542.8     0    0   0.0    0.0    0.5    0.0   0.0   0.0  23:13:03
hdisk307               0.0  11.1    0.0   6.7    4.4    0.0 159.3    0.2  972.2     0    0   0.0 328.8    0.9    1.3S    0    0  66.6    0.0    1.3S   0.0   0.0   0.0  23:13:03
hdisk309               0.0  10.7    0.0   6.6    4.1    0.0 159.0    0.3  671.4     0    0   0.0 297.9    0.9    1.2S    0    0  42.6    0.0    1.0S   0.0   0.0   0.0  23:13:03
hdisk302               0.0   1.7K   0.0   1.7K   0.3    0.0 201.3    0.3  621.0     0    0   0.0 207.3    0.5  647.0     0    0   0.0    0.0    0.5    0.0   0.0   0.0  23:13:03
hdisk314               0.0  18.9    0.0   0.1   18.8    0.0  18.7    0.2  192.1     0    0   0.0 157.9    0.6  341.8     0    0   0.0    0.0    0.0    0.0   0.0   0.0  23:13:03
hdisk312               0.0   8.9    0.0   0.4    8.5    0.0   2.5    0.2  175.9     0    0   0.0 210.8    0.4  366.9     0    0   0.0    0.0    0.0    0.0   0.0   0.0  23:13:03
hdisk313               0.0   8.4    0.0   0.1    8.3    0.0   3.2    0.2   13.5     0    0   0.0 169.3    0.4  259.6     0    0   0.0    0.0    0.0    0.0   0.0   0.0  23:13:03
hdisk315               0.0  15.8    0.0   0.1   15.7    0.0   8.1    0.3  134.5     0    0   0.0 138.3   11.2  257.8     0    0   0.0    0.0    0.0    0.0   0.0   0.0  23:13:03
hdisk317               0.0   5.2    0.0   0.1    5.1    0.0   3.7    0.2   26.2     0    0   0.0  43.3    0.4  293.3     0    0   0.0    0.0    0.0    0.0   0.0   0.0  23:13:03
hdisk311               0.0  12.1    0.0   7.3    4.8    0.0 159.9    0.3  700.7     0    0   0.0 317.1    0.7    1.2S    0    0  61.0    0.0    1.1S   0.0   0.0   0.0  23:13:03
hdisk316               0.0   9.1    0.0   0.1    9.0    0.0   6.2    0.3   55.3     0    0   0.0  92.7   10.8  226.2     0    0   0.0    0.0    0.0    0.0   0.0   0.0  23:13:03
hdisk308               0.0  11.3    0.0   7.1    4.3    0.0 160.6    0.3  830.8     0    0   0.0 321.6    0.8    1.4S    0    0  55.0    0.0    1.3S   0.0   0.0   0.0  23:13:03
hdisk320               0.0   0.4    0.0   0.4    0.0    0.0   1.0    0.2   32.0     0    0   0.0   0.7    0.6    0.9     0    0   0.0    0.0    0.0    0.0   0.0   0.0  23:13:03
hdisk323               0.0   4.8    0.0   0.1    4.7    0.0  19.2    0.3  263.7     0    0   0.0 309.4    0.4    1.2S    0    0  82.2    0.0    1.1S   0.0   0.0   0.0  23:13:03
hdisk325               0.0   0.1    0.0   0.1    0.0    0.0   4.8    0.3   33.1     0    0   0.0   0.0    0.0    0.0     0    0   0.0    0.0    0.0    0.0   0.0   0.0  23:13:03
hdisk322               0.0   4.5    0.0   0.2    4.3    0.0   5.0    0.2  250.1     0    0   0.0 275.7    0.3  953.4     0    0  29.1    0.0  684.9    0.0   0.0   0.0  23:13:03
hdisk324               0.0   0.5    0.0   0.5    0.0    0.0   4.0    0.2  181.3     0    0   0.0  50.8    0.4  261.6     0    0   0.0    0.0    0.0    0.0   0.0   0.0  23:13:03
hdisk310               0.0  11.7    0.0   7.1    4.5    0.0 160.7    0.3    1.3S    0    0   0.0 313.7    0.3    1.3S    0    0  50.9    0.0    1.3S   0.0   0.0   0.0  23:13:03
hdisk329               0.0   0.1    0.0   0.1    0.0    0.0   4.7    0.3   31.6     0    0   0.0   0.0    0.0    0.0     0    0   0.0    0.0    0.0    0.0   0.0   0.0  23:13:03
hdisk326               0.0   0.4    0.0   0.4    0.0    0.0   0.8    0.2   40.5     0    0   0.0   0.0    0.0    0.0     0    0   0.0    0.0    0.0    0.0   0.0   0.0  23:13:03
hdisk331               0.0   0.1    0.0   0.1    0.0    0.0   4.2    0.3   35.7     0    0   0.0   0.0    0.0    0.0     0    0   0.0    0.0    0.0    0.0   0.0   0.0  23:13:03
hdisk333               0.0   0.1    0.0   0.1    0.0    0.0   6.0    0.2   42.3     0    0   0.0   0.0    0.0    0.0     0    0   0.0    0.0    0.0    0.0   0.0   0.0  23:13:03
hdisk332               0.0   0.1    0.0   0.1    0.0    0.0   4.2    0.2   27.7     0    0   0.0  78.2    0.4  310.6     0    0   0.0    0.0    0.0    0.0   0.0   0.0  23:13:03
hdisk334               0.0   0.1    0.0   0.1    0.0    0.0   4.7    0.2   28.0     0    0   0.0   0.0    0.0    0.0     0    0   0.0    0.0    0.0    0.0   0.0   0.0  23:13:03
hdisk327               0.0   0.1    0.0   0.1    0.0    0.0   3.9    0.3   26.6     0    0   0.0   1.0    1.0    1.0     0    0   0.0    0.0    0.0    0.0   0.0   0.0  23:13:03
hdisk336               0.0   1.8    0.0   1.0    0.8    0.0  59.2    0.2  323.7     0    0   0.0  78.5    0.4  341.2     0    0   0.0    0.0    0.0    0.0   0.0   0.0  23:13:03
hdisk318               0.0   0.4    0.0   0.4    0.0    0.0   1.0    0.2   26.4     0    0   0.0   0.5    0.5    0.5     0    0   0.0    0.0    0.0    0.0   0.0   0.0  23:13:03
hdisk335               0.0   0.6    0.0   0.6    0.0    0.0   1.7    0.2  164.1     0    0   0.0  29.6    0.3  327.7     0    0   0.0    0.0    0.0    0.0   0.0   0.0  23:13:03
hdisk321               0.0   0.1    0.0   0.1    0.0    0.0   4.6    0.2   27.8     0    0   0.0  92.5    0.7  280.2     0    0   0.0    0.0    0.0    0.0   0.0   0.0  23:13:03
hdisk340               0.0  33.2    0.0  16.0   17.2    0.0  31.2    0.2  329.9     0    0   0.0 135.7    0.3  348.7     0    0   0.0    0.0    0.0    0.0   0.0   0.0  23:13:03
hdisk337               0.0   0.2    0.0   0.2    0.0    0.0  24.2    0.3  230.6     0    0   0.0  97.8    0.4  226.4     0    0   0.0    0.0    0.0    0.0   0.0   0.0  23:13:03
hdisk341               0.0  31.3    0.0  16.1   15.2    0.0  34.1    0.2  332.1     0    0   0.0 159.5    0.3  323.2     0    0   0.0    0.0    0.0    0.0   0.0   0.0  23:13:03
hdisk339               0.0  32.0    0.0  15.8   16.1    0.0  31.8    0.2  316.9     0    0   0.0 130.0    0.3  357.9     0    0   0.0    0.0    0.0    0.0   0.0   0.0  23:13:03
hdisk338               0.0  38.9    0.0  21.7   17.2    0.0  14.3    0.2  332.3     0    0   0.0 133.0    0.3  398.4     0    0   0.0    0.0    0.0    0.0   0.0   0.0  23:13:03
hdisk319               0.0   0.1    0.0   0.1    0.0    0.0   3.6    0.3   23.4     0    0   0.0  86.5    0.4  247.3     0    0   0.0    0.0    0.0    0.0   0.0   0.0  23:13:03
hdisk328               0.0   0.1    0.0   0.1    0.0    0.0   3.8    0.2   24.1     0    0   0.0   0.0    0.0    0.0     0    0   0.0    0.0    0.0    0.0   0.0   0.0  23:13:03
hdisk330               0.0   0.1    0.0   0.1    0.0    0.0   4.2    0.3   29.5     0    0   0.0   0.0    0.0    0.0     0    0   0.0    0.0    0.0    0.0   0.0   0.0  23:13:03
hdiskpower0            0.0   0.1    0.0   0.1    0.0   23:13:03
hdiskpower2            0.1   5.3K   0.7  69.9    5.2K  23:13:03
hdisk461               0.0   5.5    0.0   4.8    0.7    0.0  10.6    0.2  306.8     0    0   0.0 129.6    0.3  306.6     0    0   0.0    0.0    0.1    0.0   0.0   0.0  23:13:03
hdisk462               0.0   4.7    0.0   4.1    0.6    0.0  10.0    0.2  314.2     0    0   0.0 150.3    0.3  322.5     0    0   0.0    0.0    0.0    0.0   0.0   0.0  23:13:03
Adapter:                      xfers              time
-------------------- --------------------------- ---------
                        bps    tps  bread  bwrtn
fcs15                 54.3K   0.3   52.7K   1.6K  23:13:03

Disks:                           xfers                                read                                write                                  queue                    time
-------------------- -------------------------------- ------------------------------------ ------------------------------------ -------------------------------------- ---------
                       %tm    bps   tps  bread  bwrtn   rps    avg    min    max time fail   wps    avg    min    max time fail    avg    min    max   avg   avg  serv
                       act                                    serv   serv   serv outs              serv   serv   serv outs        time   time   time  wqsz  sqsz qfull
hdisk456               0.0   0.0    0.0   0.0    0.0    0.0   1.2    0.2    8.0     0    0   0.0   0.0    0.0    0.0     0    0   0.0    0.0    0.0    0.0   0.0   0.0  23:13:03
hdisk455               0.0   0.0    0.0   0.0    0.0    0.0   1.4    0.2    8.1     0    0   0.0   0.0    0.0    0.0     0    0   0.0    0.0    0.0    0.0   0.0   0.0  23:13:03
hdisk344               0.0  31.6    0.0  15.5   16.0    0.0 116.1    0.3  342.6     0    0   0.0 135.1    0.3  332.5     0    0   0.0    0.0    0.0    0.0   0.0   0.0  23:13:03
hdisk347               0.0   0.1    0.0   0.1    0.0    0.0   6.0    0.3   33.2     0    0   0.0   0.0    0.0    0.0     0    0   0.0    0.0    0.0    0.0   0.0   0.0  23:13:03
hdisk346               0.0 655.4    0.1   0.4  655.0    0.0   0.7    0.3   19.8     0    0   0.1   2.1    0.3  368.5     0    0   0.1    0.0  165.9    0.0   0.0   0.0  23:13:03
hdisk345               0.0  32.4    0.0  15.2   17.2    0.0 113.6    0.2  369.7     0    0   0.0 158.0    0.4  319.2     0    0   0.0    0.0    0.0    0.0   0.0   0.0  23:13:03
hdisk349               0.0   4.5    0.0   4.4    0.1    0.0   3.3    0.2  195.2     0    0   0.0  48.5    0.3  309.9     0    0   0.0    0.0    0.0    0.0   0.0   0.0  23:13:03
hdisk343               0.0  31.5    0.0  16.2   15.3    0.0 109.1    0.3  346.3     0    0   0.0 128.8    0.3  380.7     0    0   0.0    0.0    0.1    0.0   0.0   0.0  23:13:03
hdisk348               0.0  72.5    0.0  52.2   20.3    0.0   0.9    0.2  292.6     0    0   0.0   1.4    0.3  472.8     0    0   0.0    0.0    0.1    0.0   0.0   0.0  23:13:03
hdisk352               0.0   1.4K   0.0   1.4K   0.4    0.0 163.7    0.2  851.8     0    0   0.0 148.8    0.5  390.5     0    0   0.0    0.0    0.7    0.0   0.0   0.0  23:13:03
hdisk342               0.0  39.4    0.0  22.8   16.6    0.0  33.0    0.3  403.1     0    0   0.0 131.1    0.3  331.7     0    0   0.0    0.0    0.0    0.0   0.0   0.0  23:13:03
hdisk351               0.0   0.1    0.0   0.1    0.0    0.0   4.3    0.3   25.1     0    0   0.0  75.0    0.5  223.8     0    0   0.0    0.0    0.0    0.0   0.0   0.0  23:13:03
hdisk350               0.0   0.5    0.0   0.5    0.0    0.0   4.0    0.3   23.4     0    0   0.0   0.5    0.5    0.5     0    0   0.0    0.0    0.0    0.0   0.0   0.0  23:13:03
hdisk353               0.0   1.4K   0.0   1.4K   0.4    0.0 173.5    0.2  781.4     0    0   0.0 177.8    0.4  724.8     0    0   0.0    0.0    0.5    0.0   0.0   0.0  23:13:03
hdisk354               0.0   1.9K   0.0   1.9K   0.4    0.0 183.6    0.2  562.3     0    0   0.0 161.7    0.6  612.3     0    0   0.0    0.0    0.5    0.0   0.0   0.0  23:13:03
hdisk356               0.0   3.0K   0.0   3.0K   0.5    0.0 196.2    0.2  596.8     0    0   0.0 176.8    0.4  472.3     0    0   0.0    0.0    0.5    0.0   0.0   0.0  23:13:03
hdisk355               0.0   1.3K   0.0   1.3K   0.8    0.0 175.9    0.2  508.9     0    0   0.0 159.7    0.8  503.3     0    0   0.0    0.0    0.5    0.0   0.0   0.0  23:13:03
hdisk359               0.0   1.4K   0.0   1.4K   0.1    0.0 179.5    0.2  611.1     0    0   0.0 115.1    0.5  330.4     0    0   0.0    0.0    0.5    0.0   0.0   0.0  23:13:03
hdisk358               0.0   1.1K   0.0   1.1K   0.4    0.0 175.8    0.2  484.9     0    0   0.0 152.9    0.4  331.6     0    0   0.0    0.0    0.5    0.0   0.0   0.0  23:13:03
hdisk357               0.0   1.6K   0.0   1.6K   0.4    0.0 181.8    0.2  622.9     0    0   0.0 140.9    0.5  397.0     0    0   0.0    0.0    0.5    0.0   0.0   0.0  23:13:03
hdisk362               0.0   1.8K   0.0   1.8K   0.5    0.0 186.9    0.2  621.5     0    0   0.0 173.7    0.5  454.4     0    0   0.0    0.0    0.5    0.0   0.0   0.0  23:13:03
hdisk363               0.0   1.4K   0.0   1.4K   0.0    0.0 179.8    0.2  521.4     0    0   0.0 129.8    0.5  281.0     0    0   0.0    0.0    0.6    0.0   0.0   0.0  23:13:03
hdisk364               0.0   1.7K   0.0   1.7K   0.4    0.0 183.2    0.2  582.2     0    0   0.0 211.2    0.4  483.6     0    0   0.0    0.0    0.5    0.0   0.0   0.0  23:13:03
hdisk365               0.0   1.9K   0.0   1.9K   0.4    0.0 183.0    0.2  515.8     0    0   0.0 189.0    0.4  378.7     0    0   0.0    0.0    0.5    0.0   0.0   0.0  23:13:03
hdisk360               0.0   1.2K   0.0   1.2K   0.1    0.0 176.6    0.2  529.8     0    0   0.0 148.8    0.5  385.8     0    0   0.0    0.0    0.5    0.0   0.0   0.0  23:13:03
hdisk366               0.0   2.2K   0.0   2.2K   0.2    0.0 185.1    0.2  547.4     0    0   0.0 183.1    0.4  521.4     0    0   0.0    0.0    0.5    0.0   0.0   0.0  23:13:03
hdisk368               0.0  13.0    0.0   8.5    4.5    0.0 126.7    0.2  841.8     0    0   0.0 333.7    0.5    1.1S    0    0  59.4    0.0    1.0S   0.0   0.0   0.0  23:13:03
hdisk370               0.0  10.9    0.0   6.9    4.1    0.0 140.4    0.2  723.5     0    0   0.0 296.0    0.5    1.0S    0    0  24.9    0.0  997.6    0.0   0.0   0.0  23:13:03
hdisk369               0.0  11.0    0.0   7.0    4.1    0.0 142.9    0.2  613.8     0    0   0.0 332.7    0.4    1.0S    0    0  51.4    0.0  945.9    0.0   0.0   0.0  23:13:03
hdisk367               0.0   1.4K   0.0   1.4K   0.1    0.0 176.3    0.2  599.0     0    0   0.0 125.1    0.5  584.2     0    0   0.0    0.0    0.5    0.0   0.0   0.0  23:13:03
hdisk361               0.0   1.5K   0.0   1.5K   0.3    0.0 185.4    0.2  547.6     0    0   0.0 147.5    0.3  570.6     0    0   0.0    0.0    0.5    0.0   0.0   0.0  23:13:03
hdisk372               0.0  11.7    0.0   7.3    4.4    0.0 142.2    0.2  727.4     0    0   0.0 308.5    0.4  958.1     0    0  31.2    0.0  896.7    0.0   0.0   0.0  23:13:03
hdisk373               0.0  11.9    0.0   7.3    4.5    0.0 142.9    0.2  857.6     0    0   0.0 317.5    0.5    1.0S    0    0  54.3    0.0  965.2    0.0   0.0   0.0  23:13:03
hdisk374               0.0   8.5    0.0   0.3    8.3    0.0   1.7    0.2  234.4     0    0   0.0 215.8    0.3  352.0     0    0   0.0    0.0    0.0    0.0   0.0   0.0  23:13:03
hdisk375               0.0   9.8    0.0   0.1    9.7    0.0   2.1    0.2  125.5     0    0   0.0 176.8    0.4  274.1     0    0   0.0    0.0    0.0    0.0   0.0   0.0  23:13:03
hdisk376               0.0  16.1    0.0   0.2   15.9    0.0   2.7    0.2  192.4     0    0   0.0 145.1    0.7  348.0     0    0   0.0    0.0    0.0    0.0   0.0   0.0  23:13:03
hdisk383               0.0   0.1    0.0   0.1    0.0    0.0   3.8    0.2   85.2     0    0   0.0 108.5    0.4  273.7     0    0   0.0    0.0    0.0    0.0   0.0   0.0  23:13:03
hdisk382               0.0   0.4    0.0   0.4    0.0    0.0   1.8    0.2   49.3     0    0   0.0   0.6    0.4    0.8     0    0   0.0    0.0    0.0    0.0   0.0   0.0  23:13:03
hdisk371               0.0  10.9    0.0   6.9    4.1    0.0 140.7    0.2  790.5     0    0   0.0 300.8    0.5    1.1S    0    0  28.3    0.0  876.4    0.0   0.0   0.0  23:13:03
hdisk384               0.0   4.3    0.0   0.4    3.9    0.0   4.8    0.2  281.6     0    0   0.0 295.5    0.3  910.7     0    0  21.7    0.0  778.5    0.0   0.0   0.0  23:13:03
hdisk385               0.0   4.6    0.0   0.2    4.5    0.0   3.7    0.2   50.4     0    0   0.0 335.2    0.4    1.1S    0    0  60.7    0.0  843.7    0.0   0.0   0.0  23:13:03
hdisk388               0.0   0.5    0.0   0.5    0.0    0.0   1.5    0.2   50.0     0    0   0.0   0.0    0.0    0.0     0    0   0.0    0.0    0.0    0.0   0.0   0.0  23:13:03
hdisk386               0.0   0.5    0.0   0.5    0.0    0.0   3.0    0.2  174.8     0    0   0.0  77.3    0.4  284.0     0    0   0.0    0.0    0.0    0.0   0.0   0.0  23:13:03
hdisk379               0.0   4.7    0.0   0.1    4.5    0.0   2.0    0.2   47.7     0    0   0.0  23.1    0.4  238.8     0    0   0.0    0.0    0.0    0.0   0.0   0.0  23:13:03
hdisk381               0.0   0.1    0.0   0.1    0.0    0.0   3.3    0.2   45.1     0    0   0.0  45.3    0.4  134.9     0    0   0.0    0.0    0.0    0.0   0.0   0.0  23:13:03
hdisk378               0.0  10.5    0.0   0.1   10.4    0.0   1.9    0.2   55.2     0    0   0.0 104.0   10.5  241.9     0    0   0.0    0.0    0.0    0.0   0.0   0.0  23:13:03
hdisk380               0.0   0.3    0.0   0.3    0.0    0.0   2.2    0.2   82.8     0    0   0.0   0.6    0.4    0.7     0    0   0.0    0.0    0.0    0.0   0.0   0.0  23:13:03
hdisk377               0.0  14.4    0.0   0.1   14.2    0.0   2.1    0.2   90.6     0    0   0.0 129.5    0.4  244.1     0    0   0.0    0.0    0.0    0.0   0.0   0.0  23:13:03
hdisk389               0.0   0.2    0.0   0.2    0.0    0.0   2.2    0.2   67.8     0    0   0.0   0.0    0.0    0.0     0    0   0.0    0.0    0.0    0.0   0.0   0.0  23:13:03
hdisk391               0.0   0.2    0.0   0.2    0.0    0.0   2.2    0.2   52.5     0    0   0.0   0.0    0.0    0.0     0    0   0.0    0.0    0.0    0.0   0.0   0.0  23:13:03
hdisk392               0.0   0.2    0.0   0.2    0.0    0.0   2.2    0.2   80.1     0    0   0.0   0.0    0.0    0.0     0    0   0.0    0.0    0.0    0.0   0.0   0.0  23:13:03
hdisk387               0.0   0.1    0.0   0.1    0.0    0.0   3.9    0.2   53.9     0    0   0.0   0.0    0.0    0.0     0    0   0.0    0.0    0.0    0.0   0.0   0.0  23:13:03
hdisk390               0.0   0.2    0.0   0.2    0.0    0.0   2.5    0.2   55.8     0    0   0.0   0.0    0.0    0.0     0    0   0.0    0.0    0.0    0.0   0.0   0.0  23:13:03
hdisk393               0.0   0.2    0.0   0.2    0.0    0.0   2.2    0.2   52.1     0    0   0.0   0.0    0.0    0.0     0    0   0.0    0.0    0.0    0.0   0.0   0.0  23:13:03
hdisk396               0.0   0.2    0.0   0.2    0.0    0.0   2.4    0.2   66.3     0    0   0.0   0.0    0.0    0.0     0    0   0.0    0.0    0.0    0.0   0.0   0.0  23:13:03
hdisk399               0.0   0.3    0.0   0.2    0.0    0.0   4.3    0.2  292.7     0    0   0.0  23.8    0.4  101.8     0    0   0.0    0.0    0.0    0.0   0.0   0.0  23:13:03
hdisk395               0.0   0.2    0.0   0.2    0.0    0.0   2.2    0.2   52.9     0    0   0.0   0.0    0.0    0.0     0    0   0.0    0.0    0.0    0.0   0.0   0.0  23:13:03
hdisk397               0.0   0.6    0.0   0.6    0.0    0.0   2.2    0.2  171.4     0    0   0.0  81.3    0.3  270.7     0    0   0.0    0.0    0.0    0.0   0.0   0.0  23:13:03
hdisk9                 0.0   0.1    0.0   0.1    0.0    0.0   6.0    0.3   41.5     0    0   0.0   0.0    0.0    0.0     0    0   0.0    0.0    0.0    0.0   0.0   0.0  23:13:03
hdisk398               0.0   1.7    0.0   0.9    0.8    0.0  33.0    0.2  317.5     0    0   0.0  84.1    0.4  284.6     0    0   0.0    0.0    0.0    0.0   0.0   0.0  23:13:03
hdisk10                0.0  70.0    0.0  49.7   20.3    0.0   1.1    0.2  320.3     0    0   0.0   1.4    0.3  408.8     0    0   0.0    0.0    0.1    0.0   0.0   0.0  23:13:03
hdisk394               0.0   0.2    0.0   0.2    0.0    0.0   2.3    0.2   45.5     0    0   0.0  32.1    0.4  126.9     0    0   0.0    0.0    0.0    0.0   0.0   0.0  23:13:03
hdisk15                0.0   4.7    0.0   4.6    0.1    0.0   3.4    0.2  270.8     0    0   0.0  47.6    0.3  281.5     0    0   0.0    0.0    0.0    0.0   0.0   0.0  23:13:03
hdisk7                 0.0 656.7    0.1   0.8  655.9    0.0   1.1    0.2  100.4     0    0   0.1   2.1    0.3  487.2     0    0   0.1    0.0   75.0    0.0   0.0   0.0  23:13:03
hdisk23                0.0   0.1    0.0   0.1    0.0    0.0   2.7    0.2   39.0     0    0   0.0  69.3    0.5  293.7     0    0   0.0    0.0    0.0    0.0   0.0   0.0  23:13:03
hdisk22                0.0   0.3    0.0   0.3    0.0    0.0   2.2    0.2   50.8     0    0   0.0   1.0    1.0    1.0     0    0   0.0    0.0    0.0    0.0   0.0   0.0  23:13:03
hdisk400               0.0   1.4K   0.0   1.4K   0.3    0.0 199.9    0.3  737.5     0    0   0.0 161.8    0.4  606.2     0    0   0.0    0.0    0.5    0.0   0.0   0.0  23:13:03
hdisk410               0.0   1.8K   0.0   1.8K   0.6    0.0 200.9    0.3  604.9     0    0   0.0 193.7    0.5  438.1     0    0   0.0    0.0    0.5    0.0   0.0   0.0  23:13:03
hdisk401               0.0   1.4K   0.0   1.4K   0.4    0.0 192.1    0.3  752.7     0    0   0.0 169.9    0.5  730.3     0    0   0.0    0.0    0.5    0.0   0.0   0.0  23:13:03
hdisk402               0.0   1.9K   0.0   1.9K   0.5    0.0 199.8    0.3  615.9     0    0   0.0 223.2    0.5  665.3     0    0   0.0    0.0    0.5    0.0   0.0   0.0  23:13:03
hdisk403               0.0   1.3K   0.0   1.3K   0.9    0.0 196.6    0.2  587.6     0    0   0.0 181.1    0.4  565.8     0    0   0.0    0.0    0.5    0.0   0.0   0.0  23:13:03
hdisk404               0.0   3.0K   0.0   3.0K   0.6    0.0 204.7    0.3  650.7     0    0   0.0 150.0    0.4  620.6     0    0   0.0    0.0    0.5    0.0   0.0   0.0  23:13:03
hdisk407               0.0   1.4K   0.0   1.4K   0.1    0.0 199.4    0.2  496.1     0    0   0.0 129.1    0.4  365.7     0    0   0.0    0.0    0.5    0.0   0.0   0.0  23:13:03
hdisk405               0.0   1.5K   0.0   1.5K   0.4    0.0 196.8    0.2  669.8     0    0   0.0 170.0    0.4  574.5     0    0   0.0    0.0    0.5    0.0   0.0   0.0  23:13:03
hdisk413               0.0   1.9K   0.0   1.9K   0.3    0.0 197.5    0.3  604.1     0    0   0.0 200.9    0.4  555.0     0    0   0.0    0.0    0.5    0.0   0.0   0.0  23:13:03
hdisk414               0.0   2.2K   0.0   2.2K   0.2    0.0 197.0    0.3  546.1     0    0   0.0 186.9    0.4  513.9     0    0   0.0    0.0    0.5    0.0   0.0   0.0  23:13:03
hdisk411               0.0   1.4K   0.0   1.4K   0.1    0.0 197.7    0.3  527.2     0    0   0.0 141.1    0.4  274.9     0    0   0.0    0.0    0.5    0.0   0.0   0.0  23:13:03
hdisk412               0.0   1.8K   0.0   1.8K   0.3    0.0 200.2    0.3  684.7     0    0   0.0 231.2    0.4  615.4     0    0   0.0    0.0    0.5    0.0   0.0   0.0  23:13:03
hdisk408               0.0   1.2K   0.0   1.2K   0.1    0.0 197.6    0.2  481.4     0    0   0.0 147.9    0.4  345.3     0    0   0.0    0.0    0.5    0.0   0.0   0.0  23:13:03
hdisk409               0.0   1.5K   0.0   1.5K   0.4    0.0 204.1    0.3  498.0     0    0   0.0 145.7    0.3  360.8     0    0   0.0    0.0    0.5    0.0   0.0   0.0  23:13:03
hdisk406               0.0   1.1K   0.0   1.1K   0.4    0.0 200.5    0.2  430.7     0    0   0.0 146.7    0.4  401.9     0    0   0.0    0.0    0.5    0.0   0.0   0.0  23:13:03
hdisk420               0.0  11.8    0.0   7.4    4.4    0.0 158.7    0.3  768.7     0    0   0.0 310.7    0.3    1.1S    0    0  46.0    0.0    1.0S   0.0   0.0   0.0  23:13:03
hdisk419               0.0  10.8    0.0   6.6    4.1    0.0 159.9    0.3  806.7     0    0   0.0 320.5    3.0    1.1S    0    0  47.9    0.0    1.1S   0.0   0.0   0.0  23:13:03
hdisk416               0.0  13.4    0.0   9.1    4.3    0.0 155.6    0.2  931.1     0    0   0.0 343.0    0.5    1.2S    0    0  69.0    0.0    1.0S   0.0   0.0   0.0  23:13:03
hdisk418               0.0  11.2    0.0   7.3    3.9    0.0 158.5    0.2  989.3     0    0   0.0 276.6    0.5    1.1S    0    0  14.5    0.0  645.8    0.0   0.0   0.0  23:13:03
hdisk421               0.0  11.4    0.0   7.1    4.3    0.0 158.9    0.3  680.4     0    0   0.0 288.6    0.5  899.8     0    0  26.7    0.0  709.2    0.0   0.0   0.0  23:13:03
hdisk424               0.0  14.9    0.0   0.1   14.8    0.0  31.3    0.3  203.0     0    0   0.0 156.0    1.4  377.6     0    0   0.0    0.0    0.0    0.0   0.0   0.0  23:13:03
hdisk415               0.0   1.4K   0.0   1.4K   0.1    0.0 195.9    0.3  526.5     0    0   0.0 140.4    0.4  521.3     0    0   0.0    0.0    0.5    0.0   0.0   0.0  23:13:03
hdisk425               0.0  15.5    0.0   0.1   15.4    0.0   4.9    0.3   30.3     0    0   0.0 135.4   11.0  240.5     0    0   0.0    0.0    0.0    0.0   0.0   0.0  23:13:03
hdisk426               0.0   8.4    0.0   0.1    8.3    0.0   5.4    0.3   32.1     0    0   0.0 104.0   11.1  268.1     0    0   0.0    0.0    0.0    0.0   0.0   0.0  23:13:03
hdisk423               0.0   7.2    0.0   0.1    7.1    0.0   6.8    0.3   41.1     0    0   0.0 170.0    0.4  238.7     0    0   0.0    0.0    0.0    0.0   0.0   0.0  23:13:03
hdisk429               0.0   0.1    0.0   0.1    0.0    0.0   4.9    0.3   24.1     0    0   0.0  97.7    0.4  292.2     0    0   0.0    0.0    0.0    0.0   0.0   0.0  23:13:03
hdisk431               0.0   0.1    0.0   0.1    0.0    0.0   4.3    0.3   27.9     0    0   0.0   5.8    0.4   21.7     0    0   0.0    0.0    0.0    0.0   0.0   0.0  23:13:03
hdisk430               0.0   0.4    0.0   0.4    0.0    0.0   2.3    0.3   19.1     0    0   0.0   0.5    0.4    0.6     0    0   0.0    0.0    0.0    0.0   0.0   0.0  23:13:03
hdisk432               0.0   4.9    0.0   0.5    4.4    0.0  20.4    0.3  210.3     0    0   0.0 269.9    0.4  974.5     0    0  15.6    0.0  509.8    0.0   0.0   0.0  23:13:03
hdisk434               0.0   0.5    0.0   0.5    0.0    0.0   4.8    0.2   42.1     0    0   0.0  73.9    0.3  237.9     0    0   0.0    0.0    0.0    0.0   0.0   0.0  23:13:03
hdisk417               0.0  11.1    0.0   6.9    4.1    0.0 159.9    0.3  979.4     0    0   0.0 340.8    0.5    1.1S    0    0  61.8    0.0    1.1S   0.0   0.0   0.0  23:13:03
hdisk422               0.0   7.0    0.0   0.7    6.3    0.0  27.4    0.3  249.9     0    0   0.0 202.1    0.4  412.9     0    0   0.0    0.0    0.0    0.0   0.0   0.0  23:13:03
hdisk435               0.0   0.1    0.0   0.1    0.0    0.0   4.7    0.3   40.6     0    0   0.0   0.0    0.0    0.0     0    0   0.0    0.0    0.0    0.0   0.0   0.0  23:13:03
hdisk427               0.0   5.4    0.0   0.1    5.3    0.0   6.3    0.3   40.2     0    0   0.0  47.7    0.6  283.8     0    0   0.0    0.0    0.0    0.0   0.0   0.0  23:13:03
hdisk436               0.0   0.4    0.0   0.4    0.0    0.0   4.6    0.3   35.2     0    0   0.0   0.5    0.5    0.5     0    0   0.0    0.0    0.0    0.0   0.0   0.0  23:13:03
hdisk433               0.0   5.0    0.0   0.1    4.9    0.0  11.5    0.3  228.7     0    0   0.0 310.4    0.3    1.1S    0    0  51.5    0.0  931.5    0.0   0.0   0.0  23:13:03
hdisk438               0.0   0.1    0.0   0.1    0.0    0.0   2.8    0.3   15.1     0    0   0.0   0.0    0.0    0.0     0    0   0.0    0.0    0.0    0.0   0.0   0.0  23:13:03
hdisk440               0.0   0.1    0.0   0.1    0.0    0.0   2.0    0.3   13.8     0    0   0.0   0.0    0.0    0.0     0    0   0.0    0.0    0.0    0.0   0.0   0.0  23:13:03
hdisk428               0.0   0.6    0.0   0.6    0.0    0.0   4.5    0.2   39.3     0    0   0.0   0.4    0.4    0.5     0    0   0.0    0.0    0.0    0.0   0.0   0.0  23:13:03
hdisk437               0.0   0.1    0.0   0.1    0.0    0.0   4.6    0.3   31.3     0    0   0.0   0.0    0.0    0.0     0    0   0.0    0.0    0.0    0.0   0.0   0.0  23:13:03
hdisk439               0.0   0.1    0.0   0.1    0.0    0.0   2.7    0.3   14.2     0    0   0.0   0.0    0.0    0.0     0    0   0.0    0.0    0.0    0.0   0.0   0.0  23:13:03
hdisk442               0.0   0.1    0.0   0.1    0.0    0.0   3.0    0.3   16.0     0    0   0.0   0.5    0.5    0.5     0    0   0.0    0.0    0.0    0.0   0.0   0.0  23:13:03
hdisk441               0.0   0.1    0.0   0.1    0.0    0.0   2.3    0.3   21.1     0    0   0.0   0.0    0.0    0.0     0    0   0.0    0.0    0.0    0.0   0.0   0.0  23:13:03
hdisk444               0.0   0.1    0.0   0.1    0.0    0.0   2.6    0.3   16.2     0    0   0.0   0.0    0.0    0.0     0    0   0.0    0.0    0.0    0.0   0.0   0.0  23:13:03
hdisk445               0.0   1.2    0.0   1.2    0.0    0.0   7.6    0.3  162.8     0    0   0.0  63.1    0.3  335.0     0    0   0.0    0.0    0.0    0.0   0.0   0.0  23:13:03
hdisk443               0.0   0.2    0.0   0.2    0.0    0.0   3.6    0.3   30.5     0    0   0.0   0.0    0.0    0.0     0    0   0.0    0.0    0.0    0.0   0.0   0.0  23:13:03
hdisk446               0.0   1.6    0.0   0.9    0.7    0.0  65.9    0.2  339.8     0    0   0.0  73.5    0.4  285.4     0    0   0.0    0.0    0.0    0.0   0.0   0.0  23:13:03
hdisk447               0.0   0.1    0.0   0.1    0.0    0.0   9.6    0.2  158.9     0    0   0.0 105.9    0.4  278.5     0    0   0.0    0.0    0.0    0.0   0.0   0.0  23:13:03
hdiskpower1            0.0   1.1K   0.3 890.2  162.9   23:13:03
hdiskpower3            0.0  55.4    0.0  54.6    0.8   23:13:03
hdiskpower4            0.0  30.7    0.0  30.7    0.0   23:13:03
hdiskpower5            0.0   0.3    0.0   0.2    0.0   23:13:03
hdiskpower6            0.0 173.4    0.0 107.7   65.7   23:13:03
hdiskpower7            0.0 128.0    0.0  62.9   65.1   23:13:03
hdiskpower8            0.0 127.6    0.0  62.9   64.8   23:13:03
hdiskpower9            0.0 128.2    0.0  63.6   64.6   23:13:03
hdiskpower10           0.0  11.8K   0.0  11.8K   2.7   23:13:03
hdiskpower11           0.0  11.5K   0.0  11.5K   3.7   23:13:03
hdiskpower12           0.0  15.1K   0.0  15.1K   3.5   23:13:03
hdiskpower13           0.0  10.4K   0.0  10.4K   6.3   23:13:03
hdiskpower14           0.0  23.7K   0.0  23.7K   4.1   23:13:03
hdiskpower15           0.0  12.5K   0.0  12.5K   3.8   23:13:03
hdiskpower16           0.0   8.7K   0.0   8.7K   3.0   23:13:03
hdiskpower17           0.0  11.0K   0.0  11.0K   1.0   23:13:03
hdiskpower18           0.0   9.7K   0.0   9.7K   1.2   23:13:03
hdiskpower19           0.0  11.7K   0.0  11.7K   2.9   23:13:03
hdiskpower20           0.0  14.3K   0.0  14.3K   4.0   23:13:03
hdiskpower21           0.0  11.5K   0.0  11.5K   0.5   23:13:03
hdiskpower22           0.0  13.9K   0.0  13.9K   2.7   23:13:03
hdiskpower23           0.0  15.0K   0.0  15.0K   3.0   23:13:03
hdiskpower24           0.0  17.8K   0.0  17.8K   1.4   23:13:03
hdiskpower25           0.0  10.8K   0.0  10.8K   0.5   23:13:03
hdiskpower26           0.0 265.3    0.0 230.3   35.0   23:13:03
hdiskpower27           0.0  87.2    0.0  53.4   33.8   23:13:03
hdiskpower28           0.0  86.5    0.0  54.0   32.5   23:13:03
hdiskpower29           0.0  84.6    0.0  51.6   33.0   23:13:03
hdiskpower30           0.0  91.2    0.0  56.1   35.1   23:13:03
hdiskpower31           0.0  92.1    0.0  55.8   36.3   23:13:03
hdiskpower32           0.0 126.8    0.0  58.2   68.5   23:13:03
hdiskpower33           0.0  73.2    0.0   0.3   72.9   23:13:03
hdiskpower34           0.0 141.3    0.0   0.3  141.0   23:13:03
hdiskpower35           0.0 110.4    0.0   0.3  110.1   23:13:03
hdiskpower36           0.0  73.1    0.0   0.3   72.9   23:13:03
hdiskpower37           0.0  38.0    0.0   0.3   37.7   23:13:03
hdiskpower38           0.0  30.7    0.0  30.7    0.0   23:13:03
hdiskpower39           0.0   0.3    0.0   0.2    0.0   23:13:03
hdiskpower40           0.0  30.8    0.0  30.7    0.0   23:13:03
hdiskpower41           0.0   0.3    0.0   0.2    0.0   23:13:03
hdiskpower42           0.0  64.5    0.0  31.1   33.4   23:13:03
hdiskpower43           0.0  38.9    0.0   0.5   38.4   23:13:03
hdiskpower44           0.0  30.9    0.0  30.9    0.0   23:13:03
hdiskpower45           0.0   0.3    0.0   0.3    0.0   23:13:03
hdiskpower46           0.0  77.7    0.0  77.7    0.0   23:13:03
hdiskpower47           0.0   0.3    0.0   0.3    0.0   23:13:03
hdiskpower48           0.0   0.3    0.0   0.3    0.0   23:13:03
hdiskpower49           0.0   0.3    0.0   0.3    0.0   23:13:03
hdiskpower50           0.0   0.3    0.0   0.3    0.0   23:13:03
hdiskpower51           0.0   0.3    0.0   0.3    0.0   23:13:03
hdiskpower52           0.0   0.3    0.0   0.3    0.0   23:13:03
hdiskpower53           0.0   0.3    0.0   0.3    0.0   23:13:03
hdiskpower54           0.0   0.3    0.0   0.3    0.0   23:13:03
hdiskpower55           0.0  39.5    0.0  39.4    0.1   23:13:03
hdiskpower56           0.0  12.9    0.0   6.9    6.0   23:13:03
hdiskpower57           0.0   1.0    0.0   0.7    0.3   23:13:03
hdiskpower58           0.0   0.0    0.0   0.0    0.0   23:13:03
hdisk463               0.0   2.1    0.0   1.4    0.7    0.0  11.7    0.2  235.7     0    0   0.0 128.5    0.4  283.6     0    0   0.0    0.0    0.0    0.0   0.0   0.0  23:13:03
hdisk464               0.0  20.5    0.0  19.7    0.8    0.0  16.8    0.2  222.3     0    0   0.0 137.7    0.3  315.6     0    0   0.0    0.0    0.1    0.0   0.0   0.0  23:13:03
hdiskpower59           0.0  37.0    0.0  31.8    5.2   23:13:03

Vadapter:                        xfers                                 read                        write                              queue                    time
-------------------- --------------------------------------- -------------------------- -------------------------- -------------------------------------- ---------
                       Kbps   tps bkread bkwrtn partition-id   rps    avg    min    max   wps    avg    min    max    avg    min    max   avg   avg  serv
                                                                     serv   serv   serv         serv   serv   serv   time   time   time  wqsz  sqsz qfull
vscsi10                 0.0   0.0    0.0    0.0            2   0.0   0.1    0.1    0.1    0.0   0.0    0.0    0.0    0.0    0.0    0.0    0.0   0.0   0.0  23:13:03


Vadapter:                        xfers                                 read                        write                              queue                    time
-------------------- --------------------------------------- -------------------------- -------------------------- -------------------------------------- ---------
                       Kbps   tps bkread bkwrtn partition-id   rps    avg    min    max   wps    avg    min    max    avg    min    max   avg   avg  serv
                                                                     serv   serv   serv         serv   serv   serv   time   time   time  wqsz  sqsz qfull
vscsi11                 0.0   0.0    0.0    0.0            2   0.0   0.1    0.1    0.1    0.0   0.0    0.0    0.0    0.0    0.0    0.0    0.0   0.0   0.0  23:13:03


Vadapter:                        xfers                                 read                        write                              queue                    time
-------------------- --------------------------------------- -------------------------- -------------------------- -------------------------------------- ---------
                       Kbps   tps bkread bkwrtn partition-id   rps    avg    min    max   wps    avg    min    max    avg    min    max   avg   avg  serv
                                                                     serv   serv   serv         serv   serv   serv   time   time   time  wqsz  sqsz qfull
vscsi12                 0.0   0.0    0.0    0.0            2   0.0   0.1    0.1    0.1    0.0   0.0    0.0    0.0    0.0    0.0    0.0    0.0   0.0   0.0  23:13:03


Vadapter:                        xfers                                 read                        write                              queue                    time
-------------------- --------------------------------------- -------------------------- -------------------------- -------------------------------------- ---------
                       Kbps   tps bkread bkwrtn partition-id   rps    avg    min    max   wps    avg    min    max    avg    min    max   avg   avg  serv
                                                                     serv   serv   serv         serv   serv   serv   time   time   time  wqsz  sqsz qfull
vscsi13                 0.0   0.0    0.0    0.0            2   0.0   0.1    0.1    0.1    0.0   0.0    0.0    0.0    0.0    0.0    0.0    0.0   0.0   0.0  23:13:03


Vadapter:                        xfers                                 read                        write                              queue                    time
-------------------- --------------------------------------- -------------------------- -------------------------- -------------------------------------- ---------
                       Kbps   tps bkread bkwrtn partition-id   rps    avg    min    max   wps    avg    min    max    avg    min    max   avg   avg  serv
                                                                     serv   serv   serv         serv   serv   serv   time   time   time  wqsz  sqsz qfull
vscsi14                 0.0   0.0    0.0    0.0            2   0.0   0.1    0.1    0.1    0.0   0.0    0.0    0.0    0.0    0.0    0.0    0.0   0.0   0.0  23:13:03


Vadapter:                        xfers                                 read                        write                              queue                    time
-------------------- --------------------------------------- -------------------------- -------------------------- -------------------------------------- ---------
                       Kbps   tps bkread bkwrtn partition-id   rps    avg    min    max   wps    avg    min    max    avg    min    max   avg   avg  serv
                                                                     serv   serv   serv         serv   serv   serv   time   time   time  wqsz  sqsz qfull
vscsi15                 0.0   0.0    0.0    0.0            3   0.0   0.1    0.1    0.1    0.0   0.0    0.0    0.0    0.0    0.0    0.0    0.0   0.0   0.0  23:13:03


Vadapter:                        xfers                                 read                        write                              queue                    time
-------------------- --------------------------------------- -------------------------- -------------------------- -------------------------------------- ---------
                       Kbps   tps bkread bkwrtn partition-id   rps    avg    min    max   wps    avg    min    max    avg    min    max   avg   avg  serv
                                                                     serv   serv   serv         serv   serv   serv   time   time   time  wqsz  sqsz qfull
vscsi16                 0.0   0.0    0.0    0.0            3   0.0   0.0    0.0    0.0    0.0   0.0    0.0    0.0    0.0    0.0    0.0    0.0   0.0   0.0  23:13:03


Vadapter:                        xfers                                 read                        write                              queue                    time
-------------------- --------------------------------------- -------------------------- -------------------------- -------------------------------------- ---------
                       Kbps   tps bkread bkwrtn partition-id   rps    avg    min    max   wps    avg    min    max    avg    min    max   avg   avg  serv
                                                                     serv   serv   serv         serv   serv   serv   time   time   time  wqsz  sqsz qfull
vscsi17                 0.0   0.0    0.0    0.0            3   0.0   0.1    0.1    0.1    0.0   0.0    0.0    0.0    0.0    0.0    0.0    0.0   0.0   0.0  23:13:03


Vadapter:                        xfers                                 read                        write                              queue                    time
-------------------- --------------------------------------- -------------------------- -------------------------- -------------------------------------- ---------
                       Kbps   tps bkread bkwrtn partition-id   rps    avg    min    max   wps    avg    min    max    avg    min    max   avg   avg  serv
                                                                     serv   serv   serv         serv   serv   serv   time   time   time  wqsz  sqsz qfull
vscsi18                 0.0   0.0    0.0    0.0            3   0.0   0.1    0.1    0.1    0.0   0.0    0.0    0.0    0.0    0.0    0.0    0.0   0.0   0.0  23:13:03


Vadapter:                        xfers                                 read                        write                              queue                    time
-------------------- --------------------------------------- -------------------------- -------------------------- -------------------------------------- ---------
                       Kbps   tps bkread bkwrtn partition-id   rps    avg    min    max   wps    avg    min    max    avg    min    max   avg   avg  serv
                                                                     serv   serv   serv         serv   serv   serv   time   time   time  wqsz  sqsz qfull
vscsi19                 0.0   0.0    0.0    0.0            3   0.0   0.1    0.1    0.1    0.0   0.0    0.0    0.0    0.0    0.0    0.0    0.0   0.0   0.0  23:13:03

==== EXITED with rc 0 ====
==== END iostat -aDRTl Mon Jul  6 23:13:03 GST 2015 ====
