==== This output can be found in Systems/dx986/network/netstat-m.txt ====
==== START netstat -m Tue Jul  7 00:57:27 GST 2015 ====

Kernel malloc statistics:

******* CPU 0 *******
By size           inuse     calls failed   delayed    free   hiwat   freed
64                 1164  21017023      0        32    1012   63568       0
128                 260  14004807      0       103    5148   47676       0
256                9455   3151635      0      1245   10465   95352       0
512               10347 4338442875      0      3014   13789  198650       0
1024                510   7352956      0       197     294   47676       0
2048               8429   9974854      0      5965    4061  119190       0
4096                 73   2460363      0        84       6    7946       0
8192                 12    146959      0       140       3    1986       0
16384              1025     23045      0       454     988     993     158
32768               459   5140706      0       678     351     496     516
65536                97 289750829      0       333     132     496       0
131072                2      6721      0         0     746    1241      23


******* CPU 1 *******
By size           inuse     calls failed   delayed    free   hiwat   freed
64                  110    730693      0         3     210   63568       0
128                   2     34047      0         0    1150   47676       0
256                   2     77398      0         4    1230   95352       0
512                  45 518559958      0         4     203  198650       0
1024                  2    199160      0        22     102   47676       0
2048                110    569188      0        11     204  119190       0
4096                  0     17036      0        30       6    7946       0
8192                  0      8289      0        41      33    1986       0
16384                 0      1841      0        32      23     993       0
32768               109    600649      0        18     185     496       0
65536                 0  26175575      0        56      36     496       0
131072                0       548      0         0      22      32       0


******* CPU 2 *******
By size           inuse     calls failed   delayed    free   hiwat   freed
64                  133    482978      0         1     187   63568       0
128                   2      3521      0         0      94   47676       0
256                   0     10753      0         1      96   95352       0
512                  10 265531194      0         0     230  198650       0
1024                  0     32007      0        10     108   47676       0
2048                133    486584      0         0     177  119190       0
4096                  0      2590      0         1       4    7946       0
8192                  0       340      0        20      17    1986       0
16384                 0        82      0        13       0     993       0
32768               131    456558      0         1     172     496       0
65536                 0    310127      0        49      30     496       0
131072                0       123      0         0      16      32       0


******* CPU 3 *******
By size           inuse     calls failed   delayed    free   hiwat   freed
64                  108    477587      0         0     276   63568       0
128                   2      3093      0         0      30   47676       0
256                   0      9215      0         3      48   95352       0
512                  21 261360448      0         0     203  198650       0
1024                  0     29450      0         4      96   47676       0
2048                108    480662      0         2     256  119190       0
4096                  0      2784      0         3       6    7946       0
8192                  0       184      0        14       3    1986       0
16384                 0        86      0        11       6     993       0
32768               108    452235      0         2     253     496       0
65536                 0    298980      0        52      22     496       0
131072                0       124      0         0      17      32       0


******* CPU 4 *******
By size           inuse     calls failed   delayed    free   hiwat   freed
64                   89   2009441      0         5     231   63568       0
128                   9    421429      0         1     279   47676       0
256                  17    367952      0         5     111   95352       0
512                  88 2651919691      0        11     136  198650       0
1024                 11    851563      0        55     225   47676       0
2048                 80    903765      0        23     174  119190       0
4096                  3    150758      0        36      35    7946       0
8192                  4     44675      0        45      31    1986       0
16384                 0      6614      0        30      22     993       0
32768                69    624214      0       110     173     496       0
65536                 0 241244266      0        71      56     496       0
131072                0      1728      0         0      21      32       0


******* CPU 5 *******
By size           inuse     calls failed   delayed    free   hiwat   freed
64                   18    128809      0         2     110   63568       0
128                   0      8588      0         0      64   47676       0
256                   0     18407      0         3      48   95352       0
512                   3 276586457      0         4     117  198650       0
1024                  0     37109      0        15      60   47676       0
2048                 18    102235      0         8     110  119190       0
4096                  0      3852      0        12       5    7946       0
8192                  0      2477      0        21      31    1986       0
16384                 0       409      0         9       4     993       0
32768                18     98723      0        34     105     496       0
65536                 0  14668857      0        39      33     496       0
131072                0       123      0         0      17      32       0


******* CPU 6 *******
By size           inuse     calls failed   delayed    free   hiwat   freed
64                   15     81153      0         0     113   63568       0
128                   1      1149      0         0      31   47676       0
256                   0      2087      0         3      48   95352       0
512                   2 137624832      0         0     102  198650       0
1024                  0      7045      0         1      44   47676       0
2048                 15     82538      0         2      91  119190       0
4096                  0      1414      0         4       3    7946       0
8192                  0        37      0         3       1    1986       0
16384                 0        22      0         4       6     993       0
32768                15     74420      0         1      91     496       0
65536                 0     37153      0        20      12     496       0
131072                0        12      0         0      16      32       0


******* CPU 7 *******
By size           inuse     calls failed   delayed    free   hiwat   freed
64                   15     81071      0         0     113   63568       0
128                   0      1537      0         0      32   47676       0
256                   0      2372      0         4      64   95352       0
512                   4 135036305      0         0     140  198650       0
1024                  0      6548      0         1      64   47676       0
2048                 15     81884      0         4      91  119190       0
4096                  0      1596      0         2       2    7946       0
8192                  0        46      0         5       2    1986       0
16384                 0        27      0         3      11     993       0
32768                15     73118      0         1      85     496       0
65536                 0     36823      0        17      13     496       0
131072                0        18      0         0      16      32       0


******* CPU 8 *******
By size           inuse     calls failed   delayed    free   hiwat   freed
64                  482  13069873      0        14     478   63568       0
128                8430   1499844      0       300    3090   47676       0
256               26332   1578858      0      1821   10484   95352       0
512               36057 3350064554      0      6184   13775  198650       0
1024                130   5859344      0        66     286   47676       0
2048               8661   5438826      0      6185    4097  119190       0
4096                 17   1524418      0        38      13    7946       0
8192                  6    113642      0        68       1    1986       0
16384              2048     20436      0       707     996     993      82
32768               525   3955362      0       420     144     496      82
65536               288 276929024      0       290     100     496       0
131072                6     10928      0         0     622    1241       0


******* CPU 9 *******
By size           inuse     calls failed   delayed    free   hiwat   freed
64                   86    641982      0         3     170   63568       0
128                   1     16736      0         0      95   47676       0
256                   4     79717      0         3      92   95352       0
512                  18 415327520      0         9     206  198650       0
1024                  3    280678      0        18      93   47676       0
2048                 87    420387      0        10     201  119190       0
4096                  0     18524      0        20       9    7946       0
8192                  0     12528      0        34      33    1986       0
16384                 0      5162      0        26      17     993       0
32768                84    543174      0        41     152     496       0
65536                 0  20026983      0        46      42     496       0
131072                0       973      0         0      18      32       0


******* CPU 10 *******
By size           inuse     calls failed   delayed    free   hiwat   freed
64                   80    335338      0         0     176   63568       0
128                   0       552      0         0      64   47676       0
256                   0      7774      0         3      80   95352       0
512                  22 239899133      0         0     290  198650       0
1024                  0     30119      0         5     140   47676       0
2048                 80    345935      0         1     216  119190       0
4096                  0       322      0         4       3    7946       0
8192                  0       419      0        19      14    1986       0
16384                 0       336      0        20      14     993       0
32768                79    323849      0         0     137     496       0
65536                 0    198827      0        30      22     496       0
131072                0       304      0         0      19      32       0


******* CPU 11 *******
By size           inuse     calls failed   delayed    free   hiwat   freed
64                   53    332202      0         0     203   63568       0
128                   2       493      0         0      30   47676       0
256                   1      7135      0         4      63   95352       0
512                  25 235256177      0         0     287  198650       0
1024                  1     28169      0         4     135   47676       0
2048                 53    342288      0         4     255  119190       0
4096                  0       306      0         0       4    7946       0
8192                  0       286      0        10       4    1986       0
16384                 0       332      0        20      18     993       0
32768                53    320426      0         0     163     496       0
65536                 0    196363      0        30      22     496       0
131072                0       274      0         0      19      32       0


******* CPU 12 *******
By size           inuse     calls failed   delayed    free   hiwat   freed
64                   30    718953      0         6     354   63568       0
128                   4    125608      0         0     348   47676       0
256                  10    163180      0         2     118   95352       0
512                  43 788947207      0        11     141  198650       0
1024                  7    342084      0        83     325   47676       0
2048                 31    313772      0         9      83  119190       0
4096                  3     47020      0        22      37    7946       0
8192                  0     16291      0        38      32    1986       0
16384                 0      3462      0        28      21     993       0
32768                24    280354      0        36      77     496       0
65536                 0  69430007      0        36      56     496       0
131072                0      1135      0         0      21      32       0


******* CPU 13 *******
By size           inuse     calls failed   delayed    free   hiwat   freed
64                    9     54283      0         2     119   63568       0
128                   0      3968      0         0      64   47676       0
256                   1     11488      0         2      47   95352       0
512                   7  82988412      0         3      89  198650       0
1024                  1     11731      0        21      83   47676       0
2048                  9     47730      0         3      53  119190       0
4096                  0      2668      0         0      15    7946       0
8192                  0       637      0        14      25    1986       0
16384                 0       117      0         8       4     993       0
32768                 9     38433      0        20      64     496       0
65536                 0   4389760      0        16      32     496       0
131072                0        77      0         0      22      32       0


******* CPU 14 *******
By size           inuse     calls failed   delayed    free   hiwat   freed
64                   11     40815      0         0      53   63568       0
128                   0      1632      0         0      32   47676       0
256                   0      2091      0         2      32   95352       0
512                   0  40527481      0         0      80  198650       0
1024                  0      2726      0         4      36   47676       0
2048                 11     38991      0         1      39  119190       0
4096                  0      1620      0         0       2    7946       0
8192                  0        25      0         0       5    1986       0
16384                 0        11      0         1       1     993       0
32768                11     33533      0         1      39     496       0
65536                 0     21340      0         9      17     496       0
131072                0        10      0         0     642    1241       0


******* CPU 15 *******
By size           inuse     calls failed   delayed    free   hiwat   freed
64                   12     39381      0         0      52   63568       0
128                   0      1445      0         0      32   47676       0
256                   0      2239      0         2      32   95352       0
512                   4  39688494      0         1      76  198650       0
1024                  0      2813      0         7      36   47676       0
2048                 12     37760      0         3      46  119190       0
4096                  0      1502      0         0      12    7946       0
8192                  0        41      0         4       4    1986       0
16384                 0         9      0         3       2     993       0
32768                12     32941      0         0      40     496       0
65536                 0     21076      0         8      13     496       0
131072                0        12      0         0      16      32       0


******* CPU 16 *******
By size           inuse     calls failed   delayed    free   hiwat   freed
64                   50   1321623      0         4     206   63568       0
128                   2    147932      0         0     158   47676       0
256                  12    188964      0         5     180   95352       0
512                  22 933559289      0        21     258  198650       0
1024                  5    811239      0        35     135   47676       0
2048                 51    403010      0        58     105  119190       0
4096                  3    123584      0        31      28    7946       0
8192                  2     26431      0        30      32    1986       0
16384                 0      8504      0        29      33     993       0
32768                45    533012      0        61     103     496       0
65536                 0  86124323      0        40      45     496       0
131072                0      4361      0         0      21      32       0


******* CPU 17 *******
By size           inuse     calls failed   delayed    free   hiwat   freed
64                   12     81450      0         2     116   63568       0
128                   0      4291      0         0      96   47676       0
256                   0     22222      0         1      96   95352       0
512                   2 104250125      0        44     446  198650       0
1024                  0     23657      0        15      60   47676       0
2048                 12     74816      0         5      74  119190       0
4096                  0      1844      0         7       9    7946       0
8192                  0      1995      0        23      33    1986       0
16384                 0      1374      0        22      18     993       0
32768                12     69849      0        27      64     496       0
65536                 0   3683438      0        21      29     496       0
131072                0       487      0         0      20      32       0


******* CPU 18 *******
By size           inuse     calls failed   delayed    free   hiwat   freed
64                   13     60807      0         1     115   63568       0
128                   0       701      0         0      96   47676       0
256                   0      2644      0         3      64   95352       0
512                   8  72202038      0         2      96  198650       0
1024                  0      6457      0        16      88   47676       0
2048                 13     62675      0         1      53  119190       0
4096                  0        45      0         2       3    7946       0
8192                  0        60      0         7       2    1986       0
16384                 0        59      0        11      13     993       0
32768                13     57727      0         6      52     496       0
65536                 0     52422      0        15      21     496       0
131072                0        45      0         0      25      32       0


******* CPU 19 *******
By size           inuse     calls failed   delayed    free   hiwat   freed
64                   10     61073      0         1     118   63568       0
128                   0       196      0         0      64   47676       0
256                   0      2261      0         3      48   95352       0
512                  10  70628646      0         0     110  198650       0
1024                  0      7335      0         7      56   47676       0
2048                 10     61355      0         1      62  119190       0
4096                  0        54      0         2       4    7946       0
8192                  0        85      0         9      18    1986       0
16384                 0        79      0        11      20     993       0
32768                10     56531      0         1      50     496       0
65536                 0     53969      0        14      16     496       0
131072                0        71      0         0      27      32       0


******* CPU 20 *******
By size           inuse     calls failed   delayed    free   hiwat   freed
64                   11    214792      0         2     117   63568       0
128                   1     41732      0         0     127   47676       0
256                   6     56452      0         2      74   95352       0
512                  16 392264947      0        10     112  198650       0
1024                  6    101005      0        30     114   47676       0
2048                 10    100731      0        12     100  119190       0
4096                  0     17569      0        10      10    7946       0
8192                  0      5617      0        21      31    1986       0
16384                 0      1509      0        17      14     993       0
32768                 9     73005      0        23      65     496       0
65536                 0  37266705      0        28      56     496       0
131072                0       609      0         0      17      32       0


******* CPU 21 *******
By size           inuse     calls failed   delayed    free   hiwat   freed
64                    7     27642      0         1      57   63568       0
128                   0      3510      0         0      64   47676       0
256                   0      7539      0         2      64   95352       0
512                   0  52468590      0         5     104  198650       0
1024                  0      6819      0        13      52   47676       0
2048                  7     21231      0         6      57  119190       0
4096                  0      2371      0         1       5    7946       0
8192                  0       395      0        15      31    1986       0
16384                 0        83      0         7       1     993       0
32768                 7     13658      0        12      44     496       0
65536                 0   3375412      0        23      46     496       0
131072                0        37      0         0      16      32       0


******* CPU 22 *******
By size           inuse     calls failed   delayed    free   hiwat   freed
64                    8     15172      0         2     184   63568       0
128                   0      1271      0         0     128   47676       0
256                   0      1517      0         2      48   95352       0
512                   0  20089734      0         1      48  198650       0
1024                  0      1462      0        30     128   47676       0
2048                  8     13518      0         3      44  119190       0
4096                  0      1386      0         0       4    7946       0
8192                  0        39      0         1       1    1986       0
16384                 0        11      0         3       4     993       0
32768                 8     10365      0         1      40     496       0
65536                 0     14830      0        10      20     496       0
131072                0        11      0         0      21      32       0


******* CPU 23 *******
By size           inuse     calls failed   delayed    free   hiwat   freed
64                    2     17401      0         1     126   63568       0
128                   0      2055      0         0      96   47676       0
256                   0      1748      0         1      16   95352       0
512                   0  19641729      0         0     104  198650       0
1024                  0      2053      0        20      84   47676       0
2048                  2     14642      0         6      50  119190       0
4096                  0      1956      0         1       6    7946       0
8192                  0        32      0         4       4    1986       0
16384                 0         9      0         1       2     993       0
32768                 2     10375      0         3      43     496       0
65536                 0     14462      0         6      12     496       0
131072                0         5      0         0      16      32       0


******* CPU 24 *******
By size           inuse     calls failed   delayed    free   hiwat   freed
64                   27    470928      0         3     165   63568       0
128                   6     49729      0        93    3098   47676       0
256                   9    115234      0       649   10471   95352       0
512                  21 356120965      0      1722   13803  198650       0
1024                 11    307668      0        33     121   47676       0
2048                 23    158472      0      2043    4097  119190       0
4096                  1     40408      0        14       5    7946       0
8192                  0     10442      0        26       1    1986       0
16384                 0      7335      0       155     994     993      30
32768                18    214057      0        47     144     496       0
65536                 0  32935862      0        66     128     496       0
131072                0      2562      0         0     622    1241       0


******* CPU 25 *******
By size           inuse     calls failed   delayed    free   hiwat   freed
64                    7     36626      0         2     121   63568       0
128                   0      1171      0         0      64   47676       0
256                   0     10238      0         1      64   95352       0
512                   0  44821652      0         3      80  198650       0
1024                  0     11996      0        16      64   47676       0
2048                  7     31847      0         4      45  119190       0
4096                  0       896      0         0       4    7946       0
8192                  0       610      0        15      32    1986       0
16384                 0       653      0        16      18     993       0
32768                 7     28704      0        18      52     496       0
65536                 0   1668501      0        17      34     496       0
131072                0       279      0         0      24      32       0


******* CPU 26 *******
By size           inuse     calls failed   delayed    free   hiwat   freed
64                    6     27124      0         1     122   63568       0
128                   0       373      0         0      96   47676       0
256                   0      1560      0         3      64   95352       0
512                   0  30444352      0         0      64  198650       0
1024                  0      3340      0        13      80   47676       0
2048                  6     27004      0         1      48  119190       0
4096                  0        28      0         1       8    7946       0
8192                  0        44      0         3       4    1986       0
16384                 0        34      0         8      12     993       0
32768                 6     24986      0         2      38     496       0
65536                 0     41317      0        15      30     496       0
131072                0        41      0         0      27      32       0


******* CPU 27 *******
By size           inuse     calls failed   delayed    free   hiwat   freed
64                   10     26873      0         1     118   63568       0
128                   0        40      0         0      32   47676       0
256                   0      1480      0         3      48   95352       0
512                   0  29790081      0         0      72  198650       0
1024                  0      3126      0         7      56   47676       0
2048                 10     26586      0         2      42  119190       0
4096                  0        37      0         3       3    7946       0
8192                  0        58      0         6      15    1986       0
16384                 0        65      0        16      28     993       0
32768                10     24529      0         3      33     496       0
65536                 0     44304      0        14      24     496       0
131072                0        31      0         0      26      32       0


******* CPU 28 *******
By size           inuse     calls failed   delayed    free   hiwat   freed
64                  153    703794      0         3     231   63568       0
128                   7     21630      0         1     153   47676       0
256                   1     27876      0         0     111   95352       0
512                  42 459124387      0         5     230  198650       0
1024                  1     75233      0        36     143   47676       0
2048                151    654121      0         1     213  119190       0
4096                  1     11185      0         4       9    7946       0
8192                  0      1855      0        29      32    1986       0
16384                 0       339      0        18       4     993       0
32768               151    604703      0         2     206     496       0
65536                 0  16910524      0        59      57     496       0
131072                0       193      0         0     622    1241       0


******* CPU 29 *******
By size           inuse     calls failed   delayed    free   hiwat   freed
64                    0     23855      0         2     128   63568       0
128                   0      3558      0         0      32   47676       0
256                   0      6117      0         3      64   95352       0
512                   3  38569134      0         8      93  198650       0
1024                  0      5116      0        15      60   47676       0
2048                  0     17043      0         3      58  119190       0
4096                  0      2566      0         0       3    7946       0
8192                  0       252      0         3       3    1986       0
16384                 0        95      0         8      10     993       0
32768                 0      9356      0        16      58     496       0
65536                 0   2863970      0        24      48     496       0
131072                0        40      0         0      17      32       0


******* CPU 30 *******
By size           inuse     calls failed   delayed    free   hiwat   freed
64                    3     11391      0         0      61   63568       0
128                   0      1312      0         0      64   47676       0
256                   0      1927      0         1      80   95352       0
512                   0  11229887      0         1      48  198650       0
1024                  0      1119      0         3      24   47676       0
2048                  3      9490      0         4      41  119190       0
4096                  0      1386      0         1       6    7946       0
8192                  0        26      0         3       4    1986       0
16384                 0        11      0         2       2     993       0
32768                 3      6571      0         4      37     496       0
65536                 0     14984      0        14      28     496       0
131072                0        12      0         0      18      32       0


******* CPU 31 *******
By size           inuse     calls failed   delayed    free   hiwat   freed
64                    2     12973      0         0      62   63568       0
128                   0      1521      0         0      64   47676       0
256                   0      1602      0         1      32   95352       0
512                   0  11013321      0         1      48  198650       0
1024                  0      1243      0         8      36   47676       0
2048                  2     10448      0         3      52  119190       0
4096                  0      1781      0         1       1    7946       0
8192                  0        22      0         1       8    1986       0
16384                 0         7      0         1       2     993       0
32768                 2      6748      0         3      49     496       0
65536                 0     13545      0         8      16     496       0
131072                0         9      0         0      16      32       0

Streams mblk statistic failures:
0 high priority mblk failures
0 medium priority mblk failures
0 low priority mblk failures
==== EXITED with rc 0 ====
==== END netstat -m Tue Jul  7 00:57:27 GST 2015 ====
