==== This output can be found in Systems/dx979/os/iostat-^A.txt ====
==== START iostat -A Tue Jul  7 00:29:24 GST 2015 ====

System configuration: lcpu=48 drives=524 ent=6.00 paths=0 vdisks=10 maxserver=1440

aio: avgc avfc maxgc maxfc maxreqs avg-cpu: % user % sys % idle % iowait physc % entc
      4.7  0.0   469     0    131072             2.3   1.0   94.4      2.3   0.3    5.1

Disks:        % tm_act     Kbps      tps    Kb_read   Kb_wrtn
hdisk449         0.0       0.0       0.0         26         0
hdisk36          2.0     304.0       0.7   3312553237  12211676
hdisk39          2.0     292.0       0.7   3181619937  12194192
hdisk38          2.2     379.7       0.8   4141288814  11655396
hdisk40          2.4     563.0       1.0   6146288750  11970088
hdisk41          2.1     342.1       0.8   3730555120  11800700
hdisk43          2.1     322.4       0.8   3513527468  12633160
hdisk42          1.9     256.4       0.7   2792600569  12081032
hdisk45          2.1     317.8       0.8   3463679251  12841064
hdisk44          2.0     283.3       0.7   3086615499  12542400
hdisk46          2.2     350.5       0.8   3821129678  12752228
hdisk47          2.0     292.5       0.8   3186470691  12668728
hdisk48          2.2     376.4       0.8   4104235729  12487552
hdisk49          2.3     426.4       0.9   4651045866  13212824
hdisk50          2.4     470.9       0.9   5138151888  12730380
hdisk51          2.0     310.4       0.7   3382278479  12479512
hdisk53          1.4      21.3       1.2   133762279  99064068
hdisk52          1.3      21.1       1.2   133894016  97243996
hdisk54          1.3      21.1       1.2   134927285  96352572
hdisk55          1.3      21.3       1.2   134587131  98142684
hdisk56          1.4      21.4       1.2   135975972  98466284
hdisk57          1.3      21.3       1.2   134675724  97870536

Disks:        % tm_act     Kbps      tps    Kb_read   Kb_wrtn
hdisk58          0.2      58.6       0.1   480880406  160563452
hdisk59          0.2      58.6       0.1   480314911  161058524
hdisk60          0.2      58.7       0.1   481289464  160630944
hdisk61          0.2      58.9       0.1   483681400  160719852
hdisk62          0.2      58.9       0.1   483544991  160213688
hdisk63          0.2      58.6       0.1   481055757  160442960
hdisk64          0.0       0.4       0.1     195807   3656040
hdisk65          0.0       0.3       0.0     152715   3158452
hdisk66          0.0       0.0       0.0      38820        12
hdisk67          0.0       0.0       0.0       1029     15468
hdisk69          0.2      20.5       0.2   111286945  113018704
hdisk68          0.2      20.5       0.2   111276808  112937876
hdisk321         0.0       2.0       0.0   10986351  11280692
hdisk320         0.0       2.0       0.0   10732746  11031984
hdisk322         0.0       0.0       0.0      77154         4
hdisk324         0.0       0.0       0.0        984         0
hdisk323         0.0       0.0       0.0        986         0
hdisk326         0.0       0.0       0.0       1009         0
hdisk325         0.0       0.0       0.0       1012         0
hdisk328         0.0       0.0       0.0        911     15508
hdisk327         0.0       0.0       0.0        979         0
hdisk330         0.0       0.0       0.0        982         0
hdisk448         0.0       0.0       0.0         26         0
hdisk25          0.0       0.0       0.0        778         0

Disks:        % tm_act     Kbps      tps    Kb_read   Kb_wrtn
hdisk329         0.0       0.0       0.0       1012         0
hdisk24          0.2       1.2       0.1      27779  12990040
hdisk29          0.0       8.4       0.0   91839688     15052
hdisk413         0.1       2.7       0.1   23131199   6394308
hdisk409         0.7      96.9       1.6   576138486  484146457
hdisk414         0.0       1.1       0.0   11762825    460024
hdisk412         0.0       1.1       0.0   12074440    131200
hdisk28          0.0       8.4       0.0   91861262         8
hdisk410         0.7      96.9       1.6   576320371  483163067
hdisk408         0.7      97.3       1.6   578036959  485769199
hdisk4           0.2       1.2       0.1     237163  12800292
hdisk27          0.0       0.2       0.0    1280031    581212
hdisk6           0.1       0.2       0.0    1884858    146116
hdisk73          2.0     292.8       0.7   3191156462  12049744
hdisk12          0.0       0.2       0.0    1222711    573296
hdisk5           0.0       0.0       0.0        903         0
hdisk74          2.4     563.3       1.0   6149866860  12127084
hdisk411         0.7      97.2       1.6   580391571  483237636
hdisk70          2.0     303.7       0.7   3309937901  12204548
hdisk75          2.1     341.8       0.8   3726505444  11878916
hdisk72          2.2     379.2       0.8   4136234624  11649844
hdisk26          0.1       0.1       0.0     534625    149368
hdisk37          2.1     318.0       0.7   3465990994  12219048
hdisk17          0.0       8.0       0.0   87884828     15108

Disks:        % tm_act     Kbps      tps    Kb_read   Kb_wrtn
hdisk71          2.1     317.5       0.7   3460768718  12258316
hdisk16          0.0       8.1       0.0   88075713         4
hdisk77          2.1     322.2       0.8   3511256353  12794940
hdisk83          2.3     427.6       0.9   4664149255  13279172
hdisk85          2.0     310.5       0.7   3383538879  12488640
hdisk84          2.4     470.4       0.9   5132995252  12727692
hdisk82          2.2     375.7       0.8   4097457448  12553972
hdisk76          1.9     256.6       0.7   2794793070  12201020
hdisk86          1.3      21.1       1.2   133627787  97152048
hdisk79          2.1     317.6       0.8   3461491609  12763388
hdisk80          2.2     350.2       0.8   3818417806  12716380
hdisk81          2.0     292.7       0.8   3188609178  12703536
hdisk87          1.4      21.3       1.2   133925032  98945268
hdisk90          1.4      21.4       1.2   135315478  98281952
hdisk91          1.3      21.2       1.2   134042373  97630348
hdisk88          1.4      21.1       1.2   134779886  96229416
hdisk93          0.2      58.7       0.1   481488353  160222888
hdisk92          0.2      58.6       0.1   481292350  160069496
hdisk89          1.3      21.2       1.2   133602013  97943664
hdisk94          0.2      58.7       0.1   482047733  160035156
hdisk96          0.2      58.9       0.1   484660860  159797912
hdisk95          0.2      59.0       0.1   484696935  160195544
hdisk101         0.0       0.0       0.0        911     15552
hdisk98          0.0       0.4       0.1     204128   3675068

Disks:        % tm_act     Kbps      tps    Kb_read   Kb_wrtn
hdisk97          0.2      58.7       0.1   481662036  160416132
hdisk103         0.2      20.4       0.2   110716690  112809864
hdisk331         0.0       2.0       0.0   10774929  11067776
hdisk99          0.0       0.3       0.0     140724   3177832
hdisk333         0.0       0.0       0.0      71532         4
hdisk334         0.0       0.0       0.0       1038         0
hdisk336         0.0       0.0       0.0        914         0
hdisk337         0.0       0.0       0.0        910         0
hdisk415         0.0       1.1       0.0   12143232    130932
hdisk341         0.0       0.0       0.0       1033         0
hdisk417         0.0       1.1       0.0   11891839    463748
hdisk332         0.0       2.0       0.0   10959919  11268012
hdisk100         0.0       0.0       0.0      40324        12
hdisk338         0.0       0.0       0.0       1033         0
hdisk339         0.0       0.0       0.0       1047     15552
hdisk416         0.1       2.7       0.1   23317476   6370516
hdisk340         0.0       0.0       0.0        913         0
hdisk335         0.0       0.0       0.0       1027         0
hdisk102         0.2      20.4       0.2   110583984  112448068
hdisk104         0.2       1.2       0.1      34369  12856140
hdisk451         0.0       0.0       0.0         26         0
hdisk105         0.0       0.0       0.0        802         0
hdisk109         0.0       8.3       0.0   91069123     15460
hdisk450         0.0       0.0       0.0         26         0

Disks:        % tm_act     Kbps      tps    Kb_read   Kb_wrtn
hdisk111         2.1     315.4       0.7   3437348855  12169772
hdisk106         0.1       0.1       0.0     541726    147829
hdisk108         0.0       8.3       0.0   91198531         4
hdisk112         2.2     378.1       0.8   4124705715  11648804
hdisk113         2.0     290.6       0.7   3166984977  11997344
hdisk110         2.0     302.4       0.7   3295533927  12194104
hdisk114         2.4     560.3       1.0   6116609737  11964020
hdisk122         2.2     374.0       0.8   4078895833  12369428
hdisk116         1.9     254.7       0.7   2773894251  11933104
hdisk120         2.2     349.2       0.8   3807546034  12685500
hdisk119         2.1     316.2       0.8   3445712183  12760428
hdisk121         2.0     290.3       0.8   3163081844  12516204
hdisk117         2.1     320.1       0.8   3488685047  12622984
hdisk128         1.4      20.9       1.2   133486291  95306384
hdisk107         0.0       0.2       0.0    1236388    575980
hdisk115         2.1     339.9       0.8   3706252277  11815448
hdisk125         2.0     307.6       0.7   3352199459  12512768
hdisk126         1.3      20.9       1.2   132519124  96344424
hdisk127         1.4      21.1       1.2   132914643  98241588
hdisk124         2.4     468.1       0.9   5107130572  12670068
hdisk123         2.3     424.8       0.9   4633601854  13196864
hdisk129         1.3      21.0       1.2   132812668  97207204
hdisk133         0.2      58.0       0.1   473874118  160096236
hdisk130         1.4      21.2       1.2   134063168  97467152

Disks:        % tm_act     Kbps      tps    Kb_read   Kb_wrtn
hdisk118         2.0     281.4       0.7   3065638800  12733976
hdisk131         1.3      21.0       1.2   132662255  97002736
hdisk135         0.2      58.4       0.1   478595690  160110396
hdisk132         0.2      58.1       0.1   474594872  160466896
hdisk136         0.2      58.3       0.1   477802273  160284280
hdisk134         0.2      58.2       0.1   475629190  160642656
hdisk139         0.0       0.3       0.0     154203   3161912
hdisk343         0.0       2.0       0.0   10847454  11196752
hdisk345         0.0       0.0       0.0        805         4
hdisk138         0.0       0.3       0.1     179430   3637392
hdisk347         0.0       0.0       0.0        796         0
hdisk344         0.0       0.0       0.0      36996         8
hdisk342         0.0       2.0       0.0   10614548  10952648
hdisk346         0.0       0.0       0.0        800         0
hdisk140         0.0       0.0       0.0      17286         8
hdisk352         0.0       0.0       0.0        798         0
hdisk143         0.2      20.3       0.2   110248606  111799292
hdisk137         0.2      58.1       0.1   475350747  160318396
hdisk348         0.0       0.0       0.0        793         0
hdisk142         0.2      20.3       0.2   109931638  111645868
hdisk141         0.0       0.0       0.0        798     15144
hdisk419         0.1       2.7       0.1   23146718   6336156
hdisk350         0.0       0.0       0.0        814     15108
hdisk351         0.0       0.0       0.0        805         0

Disks:        % tm_act     Kbps      tps    Kb_read   Kb_wrtn
hdisk349         0.0       0.0       0.0        803         0
hdisk0           0.0       0.0       0.0       1295         0
hdisk1           0.1       0.1       0.0     508879    144878
hdisk418         0.0       1.1       0.0   11890195    127504
hdisk8           0.2       1.2       0.1      19343  12747852
hdisk13          0.0       0.2       0.0    1179901    571020
hdisk420         0.0       1.1       0.0   11661266    459560
hdisk78          2.0     283.5       0.7   3088483255  12712060
hdisk18          0.0       8.0       0.0   87144329         4
hdisk149         2.1     339.2       0.8   3698475635  11890744
hdisk145         2.1     315.4       0.7   3437891547  12186288
hdisk147         2.0     290.3       0.7   3163618582  11995376
hdisk19          0.0       7.9       0.0   86803880     14904
hdisk152         2.0     281.3       0.7   3064724468  12544936
hdisk146         2.2     376.9       0.8   4111505114  11559756
hdisk153         2.1     314.5       0.8   3427326975  12628992
hdisk156         2.2     373.3       0.8   4070834541  12580560
hdisk151         2.1     319.5       0.8   3482430833  12656856
hdisk155         2.0     290.3       0.8   3162322196  12632840
hdisk160         1.3      20.9       1.2   132192394  96749952
hdisk154         2.2     347.8       0.8   3792221770  12627740
hdisk159         2.0     307.5       0.7   3351495095  12531876
hdisk157         2.3     422.9       0.8   4612583325  13348248
hdisk164         1.3      21.2       1.2   133896200  97879744

Disks:        % tm_act     Kbps      tps    Kb_read   Kb_wrtn
hdisk163         1.3      21.1       1.2   133012870  97504156
hdisk162         1.3      21.0       1.2   133808996  95711668
hdisk144         2.0     302.2       0.7   3293406791  12120860
hdisk158         2.4     467.0       0.9   5095526192  12610760
hdisk148         2.4     558.1       1.0   6093001098  11911412
hdisk150         1.9     254.6       0.7   2772780853  12064632
hdisk168         0.2      58.3       0.1   477296890  160188720
hdisk171         0.2      58.2       0.1   476908867  160019812
hdisk166         0.2      58.2       0.1   476032754  160442476
hdisk165         1.3      21.0       1.2   132412770  97350480
hdisk161         1.4      21.1       1.2   132821492  98482352
hdisk169         0.2      58.4       0.1   478720147  159797216
hdisk172         0.0       0.4       0.1     167149   3662080
hdisk177         0.2      20.3       0.2   109983437  112109404
hdisk170         0.2      58.5       0.1   479015015  160511352
hdisk176         0.2      20.3       0.2   109794319  111964424
hdisk175         0.0       0.0       0.0        809     15036
hdisk355         0.0       0.0       0.0      49405         4
hdisk358         0.0       0.0       0.0        834         0
hdisk167         0.2      58.2       0.1   476463705  160180224
hdisk173         0.0       0.3       0.0     155248   3170248
hdisk360         0.0       0.0       0.0        825         0
hdisk359         0.0       0.0       0.0        837         0
hdisk174         0.0       0.0       0.0      23936         4

Disks:        % tm_act     Kbps      tps    Kb_read   Kb_wrtn
hdisk361         0.0       0.0       0.0        845     14876
hdisk421         0.0       1.1       0.0   12000888    131232
hdisk423         0.0       1.1       0.0   11530647    457568
hdisk356         0.0       0.0       0.0        829         4
hdisk354         0.0       2.0       0.0   10864300  11208304
hdisk357         0.0       0.0       0.0        838         0
hdisk363         0.0       0.0       0.0        835         0
hdisk424         0.8      96.9       1.6   580395217  479231646
hdisk353         0.0       2.0       0.0   10670703  10920920
hdisk427         0.7      96.8       1.6   581573944  477772816
hdisk426         0.7      96.6       1.6   579234334  477881174
hdisk178         0.2       1.2       0.1      31545  12929324
hdisk452         0.0       0.0       0.0         26         0
hdisk425         0.8      96.5       1.6   577900100  477441703
hdisk362         0.0       0.0       0.0        835         0
hdisk180         0.1       0.1       0.0     625516    149073
hdisk453         0.0       0.0       0.0         26         0
hdisk422         0.1       2.7       0.1   22862803   6345872
hdisk183         0.0       8.4       0.0   91693143     15580
hdisk179         0.0       0.0       0.0        776         0
hdisk181         0.0       0.2       0.0    1279680    580316
hdisk182         0.0       8.4       0.0   91653964         4
hdisk186         2.2     378.5       0.8   4128485293  11552564
hdisk185         2.1     316.6       0.7   3450438390  12141708

Disks:        % tm_act     Kbps      tps    Kb_read   Kb_wrtn
hdisk187         2.0     291.8       0.7   3179407124  12016664
hdisk184         2.0     303.3       0.7   3305420993  12341368
hdisk188         2.4     561.3       1.0   6127410452  12111016
hdisk193         2.1     316.7       0.8   3450928832  12782720
hdisk190         1.9     255.6       0.7   2783985725  12086088
hdisk195         2.0     291.7       0.8   3178689585  12547528
hdisk194         2.2     349.7       0.8   3811974500  12665344
hdisk189         2.1     341.4       0.8   3722579801  11813148
hdisk191         2.1     321.5       0.8   3504082669  12633164
hdisk192         2.0     282.6       0.7   3078246042  12601996
hdisk197         2.3     425.8       0.9   4643820475  13276732
hdisk196         2.2     374.9       0.8   4088378264  12418964
hdisk198         2.4     469.1       0.9   5118432196  12696912
hdisk199         2.0     308.9       0.7   3366013293  12389896
hdisk202         1.4      21.1       1.2   134958861  95731156
hdisk201         1.4      21.2       1.2   133719356  98507196
hdisk203         1.3      21.2       1.2   134377046  97492132
hdisk204         1.4      21.3       1.2   134806917  97990468
hdisk200         1.3      21.0       1.2   133185239  96724484
hdisk205         1.3      21.1       1.2   133568964  97275044
hdisk208         0.2      58.5       0.1   479722801  160688284
hdisk207         0.2      58.4       0.1   478145294  160722264
hdisk206         0.2      58.5       0.1   479019419  161377980
hdisk212         0.0       0.4       0.1     191092   3656904

Disks:        % tm_act     Kbps      tps    Kb_read   Kb_wrtn
hdisk214         0.0       0.0       0.0      30263         4
hdisk211         0.2      58.5       0.1   479422582  160082780
hdisk209         0.2      58.7       0.1   481849198  160673792
hdisk365         0.0       2.0       0.0   10976929  11259888
hdisk366         0.0       0.0       0.0      67816         4
hdisk213         0.0       0.3       0.0     131947   3162216
hdisk216         0.2      20.4       0.2   111138507  112184092
hdisk217         0.2      20.4       0.2   110531949  112472328
hdisk364         0.0       2.0       0.0   10681231  10972680
hdisk371         0.0       0.0       0.0       1061         0
hdisk370         0.0       0.0       0.0       1063         0
hdisk372         0.0       0.0       0.0       1071     15424
hdisk374         0.0       0.0       0.0       1059         0
hdisk428         0.0       1.1       0.0   12142195    132408
hdisk430         0.0       1.1       0.0   11764772    455628
hdisk429         0.1       2.7       0.1   23270142   6362260
hdisk368         0.0       0.0       0.0       1052         0
hdisk3           0.1       0.1       0.0     595641    145304
hdisk14          0.0       0.2       0.0    1202430    583540
hdisk219         2.1     316.0       0.7   3444078824  12169544
hdisk367         0.0       0.0       0.0       1068         0
hdisk20          0.0       8.0       0.0   87856181         4
hdisk218         2.0     302.8       0.7   3299610709  12312020
hdisk369         0.0       0.0       0.0       1058         0

Disks:        % tm_act     Kbps      tps    Kb_read   Kb_wrtn
hdisk21          0.0       8.0       0.0   87635785     15104
hdisk224         1.9     255.1       0.7   2777718949  12206972
hdisk221         2.0     291.4       0.7   3175139865  12086496
hdisk223         2.1     339.9       0.8   3706216765  11893284
hdisk215         0.0       0.0       0.0        934     15216
hdisk222         2.4     558.8       1.0   6100160877  12078868
hdisk373         0.0       0.0       0.0       1048         0
hdisk11          0.2       1.2       0.1      27314  12833868
hdisk210         0.2      58.8       0.1   482533794  160570128
hdisk226         2.0     282.4       0.7   3076052176  12548604
hdisk227         2.1     315.6       0.8   3439844406  12786756
hdisk2           0.0       0.0       0.0        881         0
hdisk225         2.1     320.8       0.8   3496045862  12593292
hdisk229         2.0     291.1       0.8   3171085837  12870208
hdisk231         2.3     424.1       0.9   4625705237  13401520
hdisk233         2.0     309.2       0.7   3369176392  12562028
hdisk220         2.2     377.5       0.8   4118116638  11616352
hdisk235         1.4      21.3       1.2   133754559  98832728
hdisk236         1.3      21.1       1.2   134732356  95909876
hdisk230         2.2     374.6       0.8   4084711249  12456020
hdisk237         1.3      21.2       1.2   133898171  97979944
hdisk238         1.3      21.3       1.2   134944738  98220988
hdisk239         1.3      21.2       1.2   133917183  97665000
hdisk241         0.2      58.6       0.1   480645724  160614324

Disks:        % tm_act     Kbps      tps    Kb_read   Kb_wrtn
hdisk240         0.2      58.6       0.1   480853555  159695424
hdisk242         0.2      58.7       0.1   481255181  160742676
hdisk243         0.2      59.0       0.1   483999332  161270852
hdisk232         2.4     468.1       0.9   5108085575  12698284
hdisk244         0.2      59.0       0.1   483794558  161268576
hdisk245         0.2      58.7       0.1   481713989  160414432
hdisk248         0.0       0.0       0.0      49850         4
hdisk250         0.2      20.4       0.2   110221033  112637628
hdisk246         0.0       0.4       0.1     225547   3656260
hdisk234         1.3      21.1       1.2   133595807  96918936
hdisk251         0.2      20.5       0.2   110876409  112827136
hdisk228         2.2     348.7       0.8   3801835246  12612168
hdisk249         0.0       0.0       0.0       1304     15048
hdisk378         0.0       0.0       0.0        785         0
hdisk376         0.0       2.0       0.0   10911313  11250396
hdisk247         0.0       0.3       0.0     150801   3166796
hdisk383         0.0       0.0       0.0       1305     15240
hdisk384         0.0       0.0       0.0       1298         0
hdisk379         0.0       0.0       0.0       1301         0
hdisk385         0.0       0.0       0.0        786         0
hdisk380         0.0       0.0       0.0       1301         0
hdisk432         0.1       2.7       0.1   23214410   6374924
hdisk433         0.0       1.1       0.0   11722079    459216
hdisk377         0.0       0.0       0.0     102835         4

Disks:        % tm_act     Kbps      tps    Kb_read   Kb_wrtn
hdisk435         0.7      97.4       1.6   579393521  485865741
hdisk431         0.0       1.1       0.0   12183205    133216
hdisk436         0.7      97.4       1.6   581218363  484364056
hdisk381         0.0       0.0       0.0       1303         0
hdisk375         0.0       2.0       0.0   10698827  11027236
hdisk437         0.7      97.7       1.6   584597755  484163168
hdisk382         0.0       0.0       0.0        788         0
hdisk454         0.0       0.0       0.0         52         0
hdisk441         0.8      96.4       1.6   578275499  475672271
hdisk438         0.8      96.4       1.6   576290635  477652061
hdisk434         0.7      97.7       1.6   582650745  486496586
hdisk439         0.8      95.9       1.6   572546639  476402345
hdisk455         0.0       0.0       0.0         26         0
hdisk440         0.8      96.0       1.6   574295080  475709158
hdisk32          0.1       0.1       0.0     987074    148014
hdisk30          0.2       1.2       0.1     117011  12911064
hdisk31          0.0       0.0       0.0        776         0
hdisk33          0.0       0.2       0.0    1230525    578432
hdisk252         2.1     301.9       0.7   3289654938  12201340
hdisk253         2.1     315.0       0.7   3433231171  12231620
hdisk34          0.0       8.3       0.0   91169175         8
hdisk35          0.0       8.3       0.0   90756511     15280
hdisk254         2.2     376.7       0.8   4109338710  11605848
hdisk260         2.0     280.5       0.7   3056217158  12538436

Disks:        % tm_act     Kbps      tps    Kb_read   Kb_wrtn
hdisk256         2.4     558.0       1.0   6091416197  12060952
hdisk255         2.0     289.6       0.7   3155193683  12076124
hdisk258         1.9     253.5       0.7   2760698286  12234044
hdisk257         2.1     339.2       0.8   3697910385  11886864
hdisk265         2.3     422.0       0.8   4602759761  13272380
hdisk262         2.2     347.9       0.8   3792766059  12697796
hdisk259         2.1     318.8       0.8   3474597435  12619568
hdisk261         2.1     315.0       0.8   3433124263  12638448
hdisk268         1.3      20.9       1.2   132644826  96469612
hdisk266         2.4     466.8       0.9   5093671025  12569336
hdisk271         1.3      21.0       1.2   132537874  97440652
hdisk269         1.4      21.1       1.2   132706942  98283688
hdisk264         2.2     372.3       0.8   4060078524  12564464
hdisk275         0.2      57.9       0.1   473849090  159824832
hdisk274         0.2      58.0       0.1   474251960  159852720
hdisk273         1.3      21.0       1.2   132489665  97018468
hdisk277         0.2      58.3       0.1   476858473  160354656
hdisk280         0.0       0.4       0.1     263684   3651408
hdisk263         2.0     289.7       0.8   3156340360  12389244
hdisk272         1.4      21.2       1.2   134135400  97629772
hdisk282         0.0       0.0       0.0     105141         8
hdisk270         1.3      21.0       1.2   133662044  95606204
hdisk386         0.0       2.0       0.0   10705782  10904196
hdisk267         2.0     307.4       0.7   3349981328  12450744

Disks:        % tm_act     Kbps      tps    Kb_read   Kb_wrtn
hdisk279         0.2      58.0       0.1   474609057  160272828
hdisk283         0.0       0.0       0.0       1320     15068
hdisk281         0.0       0.3       0.0     153739   3151864
hdisk276         0.2      58.0       0.1   474338947  160100524
hdisk390         0.0       0.0       0.0       1328         0
hdisk278         0.2      58.2       0.1   477441048  159694444
hdisk396         0.0       0.0       0.0       1811         0
hdisk394         0.0       0.0       0.0       1330     14940
hdisk393         0.0       0.0       0.0       1813         0
hdisk443         0.1       2.7       0.1   23103133   6341376
hdisk387         0.0       2.0       0.0   10842994  11201704
hdisk284         0.2      20.2       0.2   109554117  111715648
hdisk444         0.0       1.1       0.0   11458122    455228
hdisk391         0.0       0.0       0.0       1321         0
hdisk388         0.0       0.0       0.0     175054         4
hdisk9           0.0       0.0       0.0        776         0
hdisk285         0.2      20.3       0.2   109556988  112078572
hdisk392         0.0       0.0       0.0       1323         0
hdisk10          0.1       0.1       0.0     747961    144481
hdisk23          0.0       7.9       0.0   86539391     14872
hdisk15          0.0       0.2       0.0    1281405    574720
hdisk22          0.0       7.9       0.0   86637908        12
hdisk286         2.0     301.1       0.7   3281454636  12090780
hdisk287         2.1     314.9       0.7   3432475178  12093260

Disks:        % tm_act     Kbps      tps    Kb_read   Kb_wrtn
hdisk389         0.0       0.0       0.0       1805         0
hdisk7           0.3       1.2       0.1      76557  12697220
hdisk295         2.1     315.1       0.8   3433838567  12704648
hdisk294         2.0     280.5       0.7   3055129783  12600772
hdisk442         0.0       1.1       0.0   11952533    131364
hdisk298         2.2     372.5       0.8   4062185917  12368204
hdisk300         2.4     466.7       0.9   5092293682  12611516
hdisk302         1.3      20.9       1.2   132121831  96389244
hdisk395         0.0       0.0       0.0       1323         0
hdisk291         2.1     338.8       0.8   3694062375  11859120
hdisk293         2.1     319.3       0.8   3480347493  12611928
hdisk304         1.3      20.9       1.2   133531541  95415444
hdisk289         2.0     290.3       0.7   3163396175  12137896
hdisk305         1.3      21.0       1.2   132360126  97232556
hdisk292         1.9     253.9       0.7   2765809429  11890896
hdisk303         1.4      21.0       1.2   131671892  98101916
hdisk306         1.4      21.1       1.2   133738647  97484728
hdisk307         1.3      21.0       1.2   132589430  96720240
hdisk288         2.2     375.9       0.8   4100092430  11518388
hdisk290         2.4     559.0       1.0   6102986630  12038220
hdisk309         0.2      57.9       0.1   474233692  159130708
hdisk297         2.1     290.3       0.8   3163083255  12634396
hdisk296         2.2     347.5       0.8   3788397379  12660520
hdisk312         0.2      58.2       0.1   477090764  159809364

Disks:        % tm_act     Kbps      tps    Kb_read   Kb_wrtn
hdisk301         2.0     307.1       0.7   3346937969  12513216
hdisk308         0.2      58.0       0.1   474074995  160110736
hdisk299         2.3     423.6       0.8   4620064628  13200160
hdisk315         0.0       0.3       0.0     146369   3144068
hdisk398         0.0       2.0       0.0   10835929  11206616
hdisk317         0.0       0.0       0.0        904     15280
hdisk313         0.2      58.0       0.1   475450991  159492796
hdisk314         0.0       0.3       0.1     184392   3640100
hdisk397         0.0       2.0       0.0   10585203  10968500
hdisk401         0.0       0.0       0.0        811         0
hdisk311         0.2      58.2       0.1   476989260  159417892
hdisk400         0.0       0.0       0.0        841         0
hdisk404         0.0       0.0       0.0        840         0
hdisk318         0.2      20.1       0.2   108962369  111379068
hdisk402         0.0       0.0       0.0        906         0
hdisk319         0.2      20.2       0.2   109379001  111634624
hdisk316         0.0       0.0       0.0      28306         8
hdisk407         0.0       0.0       0.0        838         0
hdisk403         0.0       0.0       0.0        903         0
hdisk399         0.0       0.0       0.0      48664         8
hdisk405         0.0       0.0       0.0        918     15180
hdisk406         0.0       0.0       0.0        911         0
hdisk310         0.2      58.1       0.1   475514093  159918352
hdisk445         0.0       1.1       0.0   11944547    128592

Disks:        % tm_act     Kbps      tps    Kb_read   Kb_wrtn
hdisk446         0.1       2.7       0.1   22990432   6314320
hdisk447         0.0       1.1       0.0   11529892    454392
hdiskpower0      0.0       0.0       0.0        777         0
hdiskpower1      0.5       0.7       0.2    6417691   1175064
hdiskpower2      1.7       9.4       1.0     562508  102765800
hdiskpower3      0.1       1.3       0.1    9906861   4618516
hdiskpower4      0.2      65.4       0.1   715590853        48
hdiskpower5      0.2      65.3       0.2   714216139    121360
hdiskpower6      3.3     2421.3       5.8   26387538025  97676696
hdiskpower7      3.3     2528.7       6.0   27562188571  97469556
hdiskpower8      3.3     3022.6       6.4   32969732231  92806952
hdiskpower9      3.3     2328.8       5.7   25376481699  96553836
hdiskpower10     3.4     4481.8       8.1   48927705495  96261660
hdiskpower11     3.3     2722.3       6.1   29682522695  94838224
hdiskpower12     3.3     2040.4       5.6   22222246027  96697788
hdiskpower13     3.4     2564.5       6.2   27950938055  101165892
hdiskpower14     3.4     2255.5       5.8   24571072075  100823180
hdiskpower15     3.3     2528.5       6.0   27555910979  101906444
hdiskpower16     3.3     2791.6       6.5   30434253367  101417676
hdiskpower17     3.3     2328.5       6.2   25369647839  100962684
hdiskpower18     3.4     2993.7       6.6   32646742399  99799164
hdiskpower19     3.5     3397.2       6.8   37053695295  106187900
hdiskpower20     3.4     3747.1       7.2   40886251275  101314948
hdiskpower21     3.3     2468.5       5.9   26901585787  99928680

Disks:        % tm_act     Kbps      tps    Kb_read   Kb_wrtn
hdiskpower22     3.4     168.0       9.3   1063762429  773992696
hdiskpower23     3.5     169.5       9.4   1065257601  788458804
hdiskpower24     3.4     168.2       9.2   1073868665  766262720
hdiskpower25     3.4     169.0       9.3   1067169305  780942992
hdiskpower26     3.4     170.1       9.4   1076857925  783421088
hdiskpower27     3.4     168.7       9.3   1066339769  778532852
hdiskpower28     0.9     466.6       1.1   3820994099  1282579180
hdiskpower29     0.9     466.3       1.1   3819008677  1281850000
hdiskpower30     0.9     467.2       1.1   3827088089  1282947312
hdiskpower31     0.9     468.8       1.1   3845384225  1282540200
hdiskpower32     0.9     468.8       1.1   3845877093  1282149744
hdiskpower33     0.9     466.9       1.1   3826167817  1281460136
hdiskpower34     0.2       2.8       0.4    1605017  29235252
hdiskpower35     0.2       2.4       0.4    1179535  25293388
hdiskpower36     0.0       0.0       0.0     327717        60
hdiskpower37     0.0       0.0       0.0       1799    121812
hdiskpower38     1.1     162.6       1.4   881456565  896912672
hdiskpower39     1.0     162.9       1.4   882573815  898749924
hdiskpower40     0.1      15.8       0.2   85457757  87845940
hdiskpower41     0.1      16.2       0.2   87218979  89872364
hdiskpower42     0.0       0.1       0.0     623245        40
hdiskpower43     0.0       0.0       0.0       1947         8
hdiskpower44     0.0       0.0       0.0       1931         0
hdiskpower45     0.0       0.0       0.0       1931         0

Disks:        % tm_act     Kbps      tps    Kb_read   Kb_wrtn
hdiskpower46     0.0       0.0       0.0       1931         0
hdiskpower47     0.0       0.0       0.0       1931         0
hdiskpower48     0.0       0.0       0.0       2031    121828
hdiskpower49     0.0       0.0       0.0       1935         0
hdiskpower50     0.0       0.0       0.0       1931         0
hdiskpower51     1.7     388.2       6.4   2317370450  1929149492
hdiskpower52     1.7     386.7       6.4   2305975641  1923856247
hdiskpower53     1.7     386.9       6.4   2311065043  1921117456
hdiskpower54     1.7     388.1       6.4   2324835663  1920845891
hdiskpower55     0.1       8.9       0.1   96325025   1046448
hdiskpower56     0.9      21.6       0.9   185030103  50839732
hdiskpower57     0.1       8.9       0.1   93315231   3665364
hdiskpower58     0.0       0.0       0.0         25         0
hdisk456         0.1       0.8       0.1    2781261   5938524
hdisk457         0.1       0.8       0.1    2754511   5914043
hdisk459         0.1       0.8       0.1    2728840   5934400
hdisk458         0.1       0.8       0.1    2800472   5968128
hdisk460         0.1       0.8       0.1    2837699   5959581
hdisk461         0.1       0.8       0.1    2794899   5899311
hdisk462         0.1       0.8       0.1    2742777   5889423
hdisk463         0.1       0.8       0.1    2785746   5930412
hdiskpower59     0.3       6.4       0.6   22219994  47433823
==== EXITED with rc 0 ====
==== END iostat -A Tue Jul  7 00:29:24 GST 2015 ====
