==== This output can be found in Systems/dx1011/network/netstat-m.txt ====
==== START netstat -m Tue Jul  7 13:43:57 CDT 2015 ====

Kernel malloc statistics:

******* CPU 0 *******
By size           inuse     calls failed   delayed    free   hiwat   freed
64                  174    381097      0         2      82    6984       0
128               15576    134152      0       581    3048    5238       0
256               83030    444993      0      5852   10458   10476       9
512               97903 163762486      0     14559   18601   21825       0
1024                375    155813      0        94      21    5238       0
2048              24602   1617467      0     14347    4112   13095       0
4096                 83     29239      0        13       5     873       0
8192                 13    689553      0         3       5     218       0
16384              6145     38493      0      2263     106     109   10452
32768               783      2370      0       450      89      54     590
65536               769      2254      0       624      85      54     434
131072               14      9403      0         0     136     136     731


******* CPU 1 *******
By size           inuse     calls failed   delayed    free   hiwat   freed
64                    0        76      0         0      64    6984       0
128                   0         5      0         0      32    5238       0
256                   0       142      0         0      16   10476       0
512                   7 116746194      0         0     161   21825       0
1024                  0        69      0         1       4    5238       0
2048                  0       602      0         0     168   13095       0
4096                  0         8      0         0      19     873       0
8192                  0        40      0         0      16     218       0
16384                 0         4      0         1       8     109       0
131072                0         5      0         0      16      32       0


******* CPU 2 *******
By size           inuse     calls failed   delayed    free   hiwat   freed
64                    0        35      0         0      64    6984       0
128                   0         3      0         0      32    5238       0
256                   0        19      0         0      16   10476       0
512                   0 135154081      0         0     176   21825       0
1024                  0         3      0         0       4    5238       0
2048                  0       158      0         0      44   13095       0
4096                  0         0      0         0      16     873       0
131072                0         0      0         0      16      32       0


******* CPU 3 *******
By size           inuse     calls failed   delayed    free   hiwat   freed
64                    1        29      0         0      63    6984       0
128                   0         4      0         0      32    5238       0
256                   0        27      0         0      16   10476       0
512                   0 104240443      0         0    1000   21825       0
1024                  0         4      0         0       4    5238       0
2048                  0      1186      0         0    1000   13095       0
4096                  0         0      0         0      11     873       0
131072                0         0      0         0      16      32       0


******* CPU 4 *******
By size           inuse     calls failed   delayed    free   hiwat   freed
64                   43    388924      0         2     149    6984       0
128                 116    103922      0        89    2764    5238       0
256                5061    307738      0       977   10459   10476       7
512                4278 165912229      0      1957   13882   21825       0
1024                 30    139844      0        32      98    5238       0
2048                  4    999449      0      1923    4130   13095       0
4096                  0     29279      0         4       8     873       0
8192                 12    371698      0         3       6     218       0
16384                 0     27016      0       794     109     109    5546
32768                 3       837      0       121      90      54     352
65536                 0       729      0       139      96      54     192
131072                0      9370      0         0     136     136     359


******* CPU 5 *******
By size           inuse     calls failed   delayed    free   hiwat   freed
64                   10       128      0         1      54    6984       0
128                   3        60      0         0      29    5238       0
256                   1       312      0         0      15   10476       0
512                   6 117022059      0         0    1002   21825       0
1024                  5       157      0         7      23    5238       0
2048                  3      1649      0         2    1001   13095       0
4096                  0         4      0         1       4     873       0
8192                  0        84      0         0      15     218       0
16384                 0         4      0         1       8     109       0
131072                0         7      0         0      16      32       0


******* CPU 6 *******
By size           inuse     calls failed   delayed    free   hiwat   freed
64                    1        28      0         0      63    6984       0
128                   0         6      0         0      32    5238       0
256                   0        17      0         0      16   10476       0
512                   0 109893732      0         0    1000   21825       0
1024                  0         7      0         0       4    5238       0
2048                  0      1246      0         0    1000   13095       0
4096                  0         0      0         0      11     873       0
131072                0         0      0         0      16      32       0


******* CPU 7 *******
By size           inuse     calls failed   delayed    free   hiwat   freed
64                    0        34      0         0      64    6984       0
128                   0         3      0         0      32    5238       0
256                   0        26      0         0      16   10476       0
512                   0 104581851      0         0    1000   21825       0
1024                  0         7      0         0       4    5238       0
2048                  0      1248      0         0    1000   13095       0
4096                  0         1      0         0      11     873       0
131072                0         0      0         0      16      32       0


******* CPU 8 *******
By size           inuse     calls failed   delayed    free   hiwat   freed
64                   37    355021      0         2      91    6984       0
128                  21     90047      0        64    2091    5238       0
256                  11    335164      0       655   10469   10476       1
512                1319 162558882      0      1600   13865   21825       0
1024                 35    154528      0        17      37    5238       0
2048                  5   1017241      0      1942    4097   13095       0
4096                  0     28699      0         7       4     873       0
8192                  1    412428      0         9       4     218       0
16384                 0     23073      0       269     108     109    1958
32768                 0       493      0        71      78      54     232
65536                 0       433      0        97      62      54     182
131072                0      9434      0         0     136     136     185


******* CPU 9 *******
By size           inuse     calls failed   delayed    free   hiwat   freed
64                    1        67      0         1      63    6984       0
128                   0        10      0         0      32    5238       0
256                   0       181      0         1      16   10476       0
512                   8 115214430      0         0     104   21825       0
1024                  0       100      0         2       8    5238       0
2048                  0       533      0         0      60   13095       0
4096                  0         3      0         1       3     873       0
8192                  0        83      0         1       6     218       0
16384                 0         3      0         1       8     109       0
131072                0         3      0         0      16      32       0


******* CPU 10 *******
By size           inuse     calls failed   delayed    free   hiwat   freed
64                    0        38      0         0      64    6984       0
128                   0         5      0         0      32    5238       0
256                   0        19      0         0      16   10476       0
512                   0 112152536      0         0     136   21825       0
1024                  0        12      0         0       8    5238       0
2048                  0       220      0         0     100   13095       0
4096                  0         0      0         0      24     873       0
131072                0         0      0         0      16      32       0


******* CPU 11 *******
By size           inuse     calls failed   delayed    free   hiwat   freed
64                    0        36      0         0      64    6984       0
128                   0         3      0         0      32    5238       0
256                   0        29      0         0      16   10476       0
512                   0 104259527      0         0      88   21825       0
1024                  0         5      0         0       4    5238       0
2048                  0       262      0         0      76   13095       0
4096                  0         0      0         0      11     873       0
131072                0         0      0         0      16      32       0


******* CPU 12 *******
By size           inuse     calls failed   delayed    free   hiwat   freed
64                   69    359136      0         3     123    6984       0
128                  62    101889      0        79    2562    5238       0
256                  15    351819      0       654   10465   10476       4
512                1392 162286550      0      1452   13760   21825       0
1024                 73    154979      0        44     107    5238       0
2048                  6   1038312      0      2041    4104   13095       0
4096                  3     28863      0         7       5     873       0
8192                  0    407223      0         4       3     218       0
16384                 1     29249      0      1202     108     109    7450
32768                 0       820      0       105      60      54     360
65536                 0       685      0       113      26      54     170
131072                0      9360      0         0     136     136     436


******* CPU 13 *******
By size           inuse     calls failed   delayed    free   hiwat   freed
64                    6        88      0         0      58    6984       0
128                   6        30      0         0      26    5238       0
256                   0       186      0         0      16   10476       0
512                  15 115859450      0         0     137   21825       0
1024                  6       110      0         2       6    5238       0
2048                  0       569      0         0     140   13095       0
4096                  0        16      0         1       5     873       0
8192                  0        74      0         0      14     218       0
16384                 0         1      0         1       8     109       0
131072                0         3      0         0      16      32       0


******* CPU 14 *******
By size           inuse     calls failed   delayed    free   hiwat   freed
64                    0        37      0         0      64    6984       0
128                   0         5      0         0      32    5238       0
256                   0        27      0         0      16   10476       0
512                   0 111810973      0         0     472   21825       0
1024                  0         2      0         0       4    5238       0
2048                  0       703      0         0     470   13095       0
4096                  0         0      0         0      22     873       0
8192                  0         1      0         0      16     218       0
131072                0         0      0         0      16      32       0


******* CPU 15 *******
By size           inuse     calls failed   delayed    free   hiwat   freed
64                    0        27      0         0      64    6984       0
128                   0         5      0         0      32    5238       0
256                   0        17      0         0      16   10476       0
512                   0 104570576      0         0     240   21825       0
1024                  0         9      0         0       8    5238       0
2048                  0       463      0         0     234   13095       0
4096                  0         0      0         0       8     873       0
131072                0         0      0         0      16      32       0


******* CPU 16 *******
By size           inuse     calls failed   delayed    free   hiwat   freed
64                   37    348163      0         0      91    6984       0
128                  29     98185      0        96    3075    5238       0
256                  21    291744      0       656   10459   10476       2
512                1407 163260392      0      1438   13841   21825       0
1024                 40    152444      0        14      20    5238       0
2048                  9   1001792      0      2039    4111   13095       0
4096                  3     28688      0         4      20     873       0
8192                  1    401209      0         4       6     218       0
16384                 0     25275      0       539     109     109    4074
32768                 0       692      0        87      71      54     284
65536                 0       706      0       110      59      54     168
131072                0      9471      0         0     136     136     279


******* CPU 17 *******
By size           inuse     calls failed   delayed    free   hiwat   freed
64                    1        66      0         1      63    6984       0
128                   0        12      0         0      32    5238       0
256                   0       199      0         0      16   10476       0
512                   0 116494351      0         0      96   21825       0
1024                  0        81      0         1       4    5238       0
2048                  0       481      0         1      90   13095       0
4096                  0        15      0         2       7     873       0
8192                  0        69      0         0       2     218       0
16384                 0         1      0         1       6     109       0
131072                0         3      0         0      16      32       0


******* CPU 18 *******
By size           inuse     calls failed   delayed    free   hiwat   freed
64                    1        24      0         0      63    6984       0
128                   0         6      0         0      32    5238       0
256                   0        25      0         0      16   10476       0
512                   0 110289711      0         0     192   21825       0
1024                  0         3      0         0       4    5238       0
2048                  0       201      0         0      96   13095       0
4096                  0         0      0         0      20     873       0
131072                0         0      0         0      16      32       0


******* CPU 19 *******
By size           inuse     calls failed   delayed    free   hiwat   freed
64                    0        19      0         0      64    6984       0
128                   0         4      0         0      32    5238       0
256                   0        16      0         0      16   10476       0
512                   0 103824660      0         0     112   21825       0
1024                  0         5      0         0       4    5238       0
2048                  0       114      0         0      44   13095       0
4096                  0         0      0         0      24     873       0
8192                  0         2      0         0      16     218       0
131072                0         0      0         0      16      32       0


******* CPU 20 *******
By size           inuse     calls failed   delayed    free   hiwat   freed
64                   65    351768      0         0      63    6984       0
128                  47    101491      0        82    2609    5238       0
256                  16    249561      0       655   10464   10476       2
512                1503 162871062      0      1466   13809   21825       0
1024                 47    151969      0        13      13    5238       0
2048                  9    742726      0      1985    4099   13095       0
4096                  5     28508      0         7       6     873       0
8192                  0    273866      0         3       1     218       0
16384                 0     24277      0       414     108     109    3082
32768                 0       541      0        70      44      54     236
65536                 0       611      0       111      83      54     178
131072                0      9639      0         0     136     136     236


******* CPU 21 *******
By size           inuse     calls failed   delayed    free   hiwat   freed
64                    0       104      0         0      64    6984       0
128                   0        23      0         0      32    5238       0
256                   0       204      0         0      16   10476       0
512                   4 115820767      0         0     228   21825       0
1024                  0       107      0         2       8    5238       0
2048                  0       554      0         0      88   13095       0
4096                  0        12      0         4       4     873       0
8192                  0        78      0         0       7     218       0
16384                 0         1      0         1       8     109       0
131072                0         8      0         0      16      32       0


******* CPU 22 *******
By size           inuse     calls failed   delayed    free   hiwat   freed
64                    0        30      0         0      64    6984       0
128                   0         6      0         0      32    5238       0
256                   0        16      0         0      16   10476       0
512                   0 112987525      0         0     144   21825       0
1024                  0         5      0         0       4    5238       0
2048                  0       293      0         0      86   13095       0
4096                  0         0      0         0      31     873       0
131072                0         0      0         0      16      32       0


******* CPU 23 *******
By size           inuse     calls failed   delayed    free   hiwat   freed
64                    0        35      0         0      64    6984       0
128                   0         5      0         0      32    5238       0
256                   0        26      0         0      16   10476       0
512                   0 103847825      0         0     248   21825       0
1024                  0         6      0         0       4    5238       0
2048                  0       267      0         0      96   13095       0
4096                  0         0      0         0      13     873       0
131072                0         0      0         0      16      32       0

Streams mblk statistic failures:
0 high priority mblk failures
0 medium priority mblk failures
0 low priority mblk failures
==== EXITED with rc 0 ====
==== END netstat -m Tue Jul  7 13:43:57 CDT 2015 ====
