==== This output can be found in Systems/dx1011/perf/mpstat-a.txt ====
==== START mpstat -a Tue Jul  7 13:39:59 CDT 2015 ====

System configuration: lcpu=24 ent=2.0 mode=Uncapped 

cpu    min    maj   mpcs   mpcr    dev   soft    dec     ph     cs    ics  bound     rq   push S3pull  S3grd  S0rd  S1rd  S2rd  S3rd  S4rd  S5rd   sysc    us    sy    wa    id    pc   %ec   ilcs   vlcs S3hrd S4hrd S5hrd
  0 266432134  28594  24183  18309 1313486473 974767094 1035845780 28646147 1502670325 5051065      0      0      0      0      0  99.2   0.0   0.0   0.8   0.0   0.0 708058564   1.9  78.8   0.0  19.3  0.03   1.4      0 3374807218 100.0   0.0   0.0
  1 177283    148     32   2494 1285771241 431364443 71553960 6965341 840074 716919      0      0      0      0      0  14.4  85.4   0.0   0.2   0.0   0.0 371897   0.0  32.3   0.0  67.7  0.01   0.6 2094140 1351511176 100.0   0.0   0.0
  2  85356      3     35   2486 1242939431 417445355 100523052 7260638 715093 712878      0      0      0      0      0   0.5  99.5   0.0   0.1   0.0   0.0  36456   0.0  31.8   0.0  68.2  0.01   0.6 1800094 1338276066 100.0   0.0   0.0
  3  77424      0     38   2486 1211253464 407091716 71261352 6591704 715277 712962      0      0      0      0      0   0.5  99.4   0.0   0.1   0.0   0.0  30575   0.0  30.5   0.0  69.5  0.01   0.6 1575178 1278492433 100.0   0.0   0.0
  4 228895865  18863  15823  17779 1313993340 439891760 316669316 16456323 1359695329 5547389      1      1      0      0      0  99.1   0.0   0.0   0.9   0.0   0.0 617234953   2.6  67.1   0.0  30.4  0.02   0.9      0 2754196576 100.0   0.0   0.0
  5 198358    700     27   2486 1285116306 431707390 71568896 6877968 865041 716424      0      0      0      0      0  17.1  82.8   0.0   0.1   0.0   0.0 179520   0.0  38.5   0.0  61.5  0.01   0.5 2128769 1350999820 100.0   0.0   0.0
  6  89519      1     34   2486 1241812558 417249924 71258674 7037409 715248 712835      0      0      0      0      0   0.5  99.5   0.0   0.1   0.0   0.0  35243   0.0  37.5   0.0  62.5  0.01   0.5 1807248 1308641505 100.0   0.0   0.0
  7  74236      0     32   2486 1211988691 407360951 71236357 6497244 714639 712797      0      0      0      0      0   0.4  99.5   0.0   0.1   0.0   0.0  29109   0.0  36.4   0.0  63.6  0.01   0.5 1612951 1279226597 100.0   0.0   0.0
  8 228290823  20870  30289  17713 1313672192 440240626 317263606 16481319 1351063748 5511148      0      0      0      0      0  99.1   0.0   0.0   0.9   0.0   0.0 611074512   2.6  67.4   0.0  30.0  0.02   0.9      0 2747995828 100.0   0.0   0.0
  9 171362    468     40   2486 1284635248 431358236 71569300 6832331 864171 715803      0      0      0      0      0  17.0  82.9   0.0   0.0   0.0   0.0 231862   0.0  38.2   0.0  61.8  0.01   0.5 2116905 1350568976 100.0   0.0   0.0
 10  89445      4     37   2486 1241610979 417207858 71240930 7016752 714709 712868      0      0      0      0      0   0.4  99.5   0.0   0.1   0.0   0.0  37989   0.0  37.3   0.0  62.7  0.01   0.5 1803848 1308455972 100.0   0.0   0.0
 11  90534      1     29   2486 1211182897 407371062 71239352 6470371 714946 712781      0      0      0      0      0   0.5  99.5   0.0   0.1   0.0   0.0  41157   0.0  36.3   0.0  63.7  0.01   0.5 1607883 1278439859 100.0   0.0   0.0
 12 229808923  19252  33652  16660 1313834746 440447281 318885554 16439358 1348741993 5581225      0      0      0      0      0  99.1   0.0   0.0   0.9   0.0   0.0 597628087   2.6  67.5   0.0  29.9  0.02   0.9      0 2747881042 100.0   0.0   0.0
 13 207432    121     96   2494 1285827279 431932097 71558689 6834176 867801 716874      0      0      0      0      0  17.3  82.6   0.0   0.1   0.0   0.0 220205   0.0  38.3   0.0  61.7  0.01   0.5 2119960 1351736350 100.0   0.0   0.0
 14  83029      0     28   2486 1243116033 417764822 71232121 7035626 716960 715039      0      0      0      0      0   0.7  99.2   0.0   0.1   0.0   0.0  39523   0.0  37.5   0.0  62.5  0.01   0.5 1808383 1309953154 100.0   0.0   0.0
 15  85249      0     34   2486 1213519413 407886340 71237476 6502467 714996 713327      0      0      0      0      0   0.5  99.5   0.0   0.1   0.0   0.0  36103   0.0  36.5   0.0  63.5  0.01   0.5 1612958 1280758622 100.0   0.0   0.0
 16 229027353  17205  29432  17085 1313683195 440524842 317926063 16430044 1355109098 5579040      0      0      0      0      0  99.1   0.0   0.0   0.9   0.0   0.0 599820662   2.6  67.4   0.0  30.1  0.02   0.9      0 2752073296 100.0   0.0   0.0
 17 206897    297     29   2486 1285408492 431890826 71576485 6835094 874391 716533      0      0      0      0      0  18.0  82.0   0.0   0.1   0.0   0.0 356812   0.0  38.2   0.0  61.8  0.01   0.5 2110376 1351289618 100.0   0.0   0.0
 18  89966      0     27   2486 1241805328 417433123 71238537 7012020 714596 712992      0      0      0      0      0   0.4  99.5   0.0   0.0   0.0   0.0  42311   0.0  37.3   0.0  62.7  0.01   0.5 1793048 1308669236 100.0   0.0   0.0
 19  84849      2     33   2486 1211147014 407312035 71229417 6460084 714517 712887      0      0      0      0      0   0.4  99.5   0.0   0.1   0.0   0.0  38399   0.0  36.3   0.0  63.7  0.01   0.5 1597323 1278433389 100.0   0.0   0.0
 20 224282382  18266  15899  17609 1314496251 440546608 341472131 15782321 1376196829 5632181      1      1      0      0      0  99.1   0.0   0.0   0.9   0.0   0.0 580566911   2.5  65.3   0.0  32.2  0.02   0.8      0 2776901999 100.0   0.0   0.0
 21 210236    417     35   2486 1285493793 431880185 71607706 6847279 884243 718500      0      0      0      0      0  18.8  81.2   0.0   0.1   0.0   0.0 387246   0.0  38.8   0.0  61.2  0.01   0.5 2120168 1351435492 100.0   0.0   0.0
 22  83989      0     27   2486 1241607310 417363880 71235691 7029181 714970 712867      0      0      0      0      0   0.5  99.5   0.0   0.1   0.0   0.0  33991   0.0  37.9   0.0  62.1  0.01   0.5 1817489 1308423396 100.0   0.0   0.0
 23  80558      0     28   2486 1211863737 407440580 71234044 6462875 715513 712921      0      0      0      0      0   0.5  99.4   0.0   0.1   0.0   0.0  45792   0.0  36.8   0.0  63.2  0.01   0.5 1614443 1279139067 100.0   0.0   0.0
  U      -      -      -      -      -      -      -      -      -      -      -      -      -      -      -     -     -     -     -     -     -      -     -     -   0.0  85.0  1.70  85.0      -      -     -     -     -
ALL 1408923202 125212 149919 149919 30319265411 10715479034 3961664489 232804072 8307254507 45760255      2      2      0      0      0  99.0   0.2   0.0   0.9   0.0   0.0 3716577879   0.1   7.4   0.0  92.5  0.30  15.0 33141164 40818306687 100.0   0.0   0.0
==== EXITED with rc 0 ====
==== END mpstat -a Tue Jul  7 13:39:59 CDT 2015 ====
